0	0.259951	0.530022	0.955162	9.49952e-06	-0.756946	0.56627	-0.805973	0.132973	-0.709522	-0.931632	
1	0.259951	0.530022	0.955162	9.29728e-06	-0.756946	0.56627	-0.805973	0.132972	-0.709522	-0.931632	
2	0.259951	0.530022	0.955162	9.22359e-06	-0.756946	0.56627	-0.805973	0.132972	-0.709522	-0.931632	
3	0.259951	0.530022	0.955162	9.27551e-06	-0.756946	0.56627	-0.805973	0.132972	-0.709522	-0.931632	
4	0.259951	0.530022	0.955162	9.45512e-06	-0.756946	0.56627	-0.805973	0.132973	-0.709522	-0.931632	
5	0.259951	0.530022	0.955162	9.76962e-06	-0.756946	0.56627	-0.805973	0.132973	-0.709522	-0.931632	
6	0.259951	0.530022	0.955162	1.02319e-05	-0.756946	0.56627	-0.805973	0.132973	-0.709522	-0.931632	
7	0.25995	0.530022	0.955162	1.08611e-05	-0.756946	0.56627	-0.805973	0.132974	-0.709522	-0.931632	
8	0.25995	0.530022	0.955162	1.16845e-05	-0.756946	0.56627	-0.805973	0.132975	-0.709522	-0.931632	
9	0.259949	0.530022	0.955162	1.27387e-05	-0.756946	0.56627	-0.805972	0.132976	-0.709523	-0.931632	
10	0.259948	0.530022	0.955162	1.40727e-05	-0.756946	0.56627	-0.805972	0.132977	-0.709523	-0.931632	
11	0.259947	0.530022	0.955162	1.57515e-05	-0.756947	0.56627	-0.805972	0.132979	-0.709524	-0.931632	
12	0.259945	0.530022	0.955162	1.78608e-05	-0.756947	0.566271	-0.805972	0.132981	-0.709525	-0.931632	
13	0.259943	0.530022	0.955162	2.05141e-05	-0.756947	0.566271	-0.805972	0.132984	-0.709526	-0.931632	
14	0.259941	0.530022	0.955162	2.38624e-05	-0.756947	0.566271	-0.805971	0.132987	-0.709527	-0.931632	
15	0.259938	0.530022	0.955162	2.81068e-05	-0.756947	0.566271	-0.805971	0.132992	-0.709528	-0.931632	
16	0.259934	0.530022	0.955163	3.35168e-05	-0.756948	0.566271	-0.80597	0.132997	-0.70953	-0.931632	
17	0.259929	0.530022	0.955163	4.04563e-05	-0.756948	0.566271	-0.80597	0.133005	-0.709533	-0.931632	
18	0.259922	0.530022	0.955163	4.94184e-05	-0.756948	0.566271	-0.805969	0.133014	-0.709536	-0.931632	
19	0.259914	0.530022	0.955164	6.10766e-05	-0.756949	0.566272	-0.805967	0.133026	-0.70954	-0.931632	
20	0.259903	0.530022	0.955164	7.63558e-05	-0.75695	0.566272	-0.805966	0.133041	-0.709545	-0.931632	
21	0.259888	0.530022	0.955165	9.65344e-05	-0.756951	0.566273	-0.805964	0.133062	-0.709552	-0.931632	
22	0.259869	0.530022	0.955166	0.00012339	-0.756952	0.566273	-0.805961	0.13309	-0.709562	-0.931632	
23	0.259843	0.530022	0.955167	0.000159412	-0.756954	0.566275	-0.805957	0.133127	-0.709574	-0.931632	
24	0.259808	0.530022	0.955169	0.000208102	-0.756957	0.566276	-0.805952	0.133177	-0.709592	-0.931632	
25	0.25976	0.530022	0.955172	0.000274421	-0.75696	0.566278	-0.805945	0.133245	-0.709615	-0.931632	
26	0.259694	0.530022	0.955175	0.000365434	-0.756965	0.56628	-0.805936	0.133339	-0.709647	-0.931632	
27	0.259603	0.530022	0.95518	0.00049126	-0.756971	0.566284	-0.805923	0.133468	-0.709691	-0.931632	
28	0.259476	0.530022	0.955187	0.000666466	-0.756981	0.566289	-0.805905	0.133648	-0.709753	-0.931632	
29	0.259299	0.530022	0.955197	0.00091213	-0.756993	0.566296	-0.805879	0.133901	-0.709839	-0.931632	
30	0.259048	0.530022	0.95521	0.00125889	-0.757011	0.566306	-0.805843	0.134257	-0.709961	-0.931632	
31	0.258692	0.530022	0.955229	0.00175149	-0.757037	0.566319	-0.805792	0.134763	-0.710134	-0.931632	
32	0.258183	0.530022	0.955256	0.00245549	-0.757074	0.566339	-0.805719	0.135487	-0.710382	-0.931632	
33	0.257451	0.530022	0.955295	0.00346734	-0.757127	0.566368	-0.805614	0.136526	-0.710737	-0.931632	
34	0.256393	0.530022	0.955351	0.00492923	-0.757203	0.566409	-0.805462	0.138027	-0.711249	-0.931632	
35	0.254856	0.530022	0.955433	0.00705127	-0.757314	0.566469	-0.805241	0.140205	-0.711992	-0.931632	
36	0.252613	0.530022	0.955551	0.0101441	-0.757475	0.566557	-0.804919	0.143377	-0.713071	-0.931632	
37	0.249329	0.530022	0.955724	0.0146664	-0.75771	0.566684	-0.804448	0.148011	-0.714644	-0.931632	
38	0.244505	0.530022	0.955977	0.0212936	-0.758055	0.566871	-0.803754	0.15479	-0.716936	-0.931632	
39	0.237406	0.530022	0.956344	0.0310133	-0.758561	0.567146	-0.802733	0.16471	-0.72027	-0.931632	
40	0.226952	0.530022	0.956877	0.0452518	-0.7593	0.567548	-0.801227	0.179192	-0.725099	-0.931632	
41	0.21158	0.530022	0.957645	0.0660253	-0.760376	0.568135	-0.799009	0.200216	-0.73203	-0.931632	
42	0.189076	0.530022	0.958736	0.0960804	-0.761932	0.568986	-0.795748	0.230411	-0.74183	-0.931632	
43	0.156419	0.530022	0.960255	0.138917	-0.764151	0.570207	-0.790984	0.27299	-0.755366	-0.931632	
44	0.109768	0.530022	0.962306	0.198452	-0.767251	0.571925	-0.784096	0.331264	-0.773423	-0.931632	
45	0.0448619	0.530022	0.964957	0.277908	-0.771456	0.574279	-0.774298	0.407383	-0.796347	-0.931632	
46	-0.0417007	0.530022	0.968191	0.377542	-0.776929	0.577386	-0.760709	0.500111	-0.823561	-0.931632	
47	-0.149977	0.530022	0.971859	0.491742	-0.783678	0.581286	-0.742542	0.602587	-0.853217	-0.931632	
48	-0.273824	0.530022	0.975675	0.608135	-0.791457	0.585882	-0.719461	0.702698	-0.882438	-0.931632	
49	-0.400531	0.530022	0.979295	0.711821	-0.799752	0.590909	-0.692014	0.788	-0.908307	-0.931632	
50	-0.515422	0.530022	0.98243	0.792835	-0.80789	0.595977	-0.661868	0.851905	-0.929015	-0.931632	
51	-0.608624	0.530022	0.984939	0.849779	-0.815248	0.600685	-0.631526	0.89522	-0.94428	-0.931632	
52	-0.677938	0.530022	0.986826	0.887143	-0.821425	0.604736	-0.603527	0.922824	-0.954901	-0.931632	
53	-0.726598	0.530022	0.988183	0.910849	-0.826299	0.608	-0.579655	0.939954	-0.962041	-0.931632	
54	-0.75966	0.530022	0.989131	0.92576	-0.829963	0.610495	-0.560604	0.950555	-0.966763	-0.931632	
55	-0.781776	0.530022	0.98978	0.935187	-0.83262	0.612326	-0.546163	0.95718	-0.969871	-0.931632	
56	-0.796488	0.530022	0.990222	0.941213	-0.834498	0.613633	-0.535625	0.961379	-0.971917	-0.931632	
57	-0.806269	0.530022	0.99052	0.945108	-0.835803	0.614547	-0.528137	0.96408	-0.973269	-0.931632	
58	-0.812786	0.530022	0.99072	0.947655	-0.8367	0.615178	-0.522911	0.965838	-0.974167	-0.931632	
59	-0.817141	0.530022	0.990856	0.949334	-0.837312	0.615611	-0.519303	0.966995	-0.974765	-0.931632	
60	-0.820062	0.530022	0.990947	0.95045	-0.837729	0.615906	-0.516829	0.967762	-0.975165	-0.931632	
61	-0.822029	0.530022	0.991008	0.951198	-0.838013	0.616107	-0.515138	0.968275	-0.975435	-0.931632	
62	-0.823359	0.530021	0.99105	0.951701	-0.838206	0.616244	-0.513982	0.96862	-0.975617	-0.931632	
63	-0.824263	0.530021	0.991079	0.952042	-0.838338	0.616337	-0.513191	0.968854	-0.97574	-0.931632	
64	-0.824879	0.53002	0.991098	0.952274	-0.838427	0.6164	-0.512648	0.969013	-0.975824	-0.931631	
65	-0.825303	0.530017	0.991111	0.952433	-0.838487	0.616441	-0.512268	0.969122	-0.975882	-0.93163	
66	-0.825596	0.530006	0.991119	0.952542	-0.838522	0.616461	-0.51199	0.969197	-0.975921	-0.931624	
67	-0.825806	0.529969	0.991123	0.952618	-0.838526	0.616447	-0.511738	0.969248	-0.975945	-0.931605	
68	-0.825972	0.529841	0.991117	0.952671	-0.838458	0.616342	-0.511365	0.969282	-0.975951	-0.931538	
69	-0.82616	0.529396	0.991085	0.952708	-0.838165	0.615935	-0.510414	0.969299	-0.975921	-0.931307	
70	-0.826536	0.527849	0.990965	0.952734	-0.837102	0.614491	-0.507345	0.969287	-0.975776	-0.930496	
71	-0.827642	0.522478	0.99053	0.952753	-0.833352	0.60945	-0.496818	0.969198	-0.975244	-0.927623	
72	-0.831154	0.504282	0.988918	0.952766	-0.820261	0.59228	-0.460799	0.968866	-0.973368	-0.917205	
73	-0.841033	0.448142	0.982421	0.952776	-0.77625	0.538566	-0.346067	0.967847	-0.966986	-0.877652	
74	-0.860063	0.318241	0.953989	0.952783	-0.652708	0.410358	-0.0722468	0.965588	-0.948282	-0.732105	
75	-0.879177	0.15431	0.866151	0.952788	-0.452779	0.241732	0.251262	0.962819	-0.914279	-0.413913	
76	-0.889142	0.0542439	0.758905	0.952792	-0.308159	0.135623	0.420373	0.96111	-0.885564	-0.1525	
77	-0.892662	0.0164964	0.702766	0.952794	-0.249771	0.095058	0.477387	0.960453	-0.872688	-0.0466667	
78	-0.893732	0.00479684	0.683328	0.952796	-0.2313	0.0824306	0.494286	0.960249	-0.868438	-0.0135777	
79	-0.894044	0.00138218	0.677467	0.952798	-0.225879	0.0787408	0.499151	0.96019	-0.867175	-0.00391252	
80	-0.894135	0.000399291	0.675766	0.952799	-0.224317	0.0776786	0.500548	0.960174	-0.866811	-0.00113027	
81	-0.894162	0.00011615	0.675276	0.9528	-0.223867	0.0773729	0.500951	0.96017	-0.866707	-0.000328787	
82	-0.89417	3.40973e-05	0.675135	0.952801	-0.223738	0.0772845	0.501069	0.960169	-0.866677	-9.65194e-05	
83	-0.894174	1.01178e-05	0.675095	0.952801	-0.2237	0.0772588	0.501104	0.960169	-0.86667	-2.86405e-05	
84	-0.894175	3.03903e-06	0.675084	0.952802	-0.223689	0.0772513	0.501115	0.960169	-0.866668	-8.60258e-06	
85	-0.894176	9.25241e-07	0.675081	0.952802	-0.223686	0.0772492	0.501119	0.96017	-0.866668	-2.61908e-06	
86	-0.894176	2.85906e-07	0.67508	0.952803	-0.223686	0.0772486	0.50112	0.96017	-0.866668	-8.09314e-07	
87	-0.894177	8.97855e-08	0.675081	0.952803	-0.223686	0.0772485	0.501121	0.96017	-0.866668	-2.54156e-07	
88	-0.894177	2.86922e-08	0.675081	0.952803	-0.223686	0.0772485	0.501122	0.96017	-0.866669	-8.12191e-08	
89	-0.894177	9.34216e-09	0.675081	0.952803	-0.223686	0.0772486	0.501122	0.96017	-0.866669	-2.64449e-08	
90	-0.894177	3.10311e-09	0.675081	0.952803	-0.223686	0.0772486	0.501122	0.96017	-0.866669	-8.78396e-09	
91	-0.894177	1.0528e-09	0.675082	0.952803	-0.223686	0.0772487	0.501122	0.96017	-0.866669	-2.98015e-09	
92	-0.894177	3.65268e-10	0.675082	0.952803	-0.223686	0.0772487	0.501123	0.96017	-0.866669	-1.03396e-09	
93	-0.894178	1.29751e-10	0.675082	0.952803	-0.223686	0.0772487	0.501123	0.96017	-0.866669	-3.67285e-10	
94	-0.894178	4.72431e-11	0.675082	0.952803	-0.223686	0.0772487	0.501123	0.960171	-0.866669	-1.33731e-10	
95	-0.894178	1.76517e-11	0.675082	0.952803	-0.223686	0.0772487	0.501123	0.960171	-0.866669	-4.99663e-11	
96	-0.894178	6.77525e-12	0.675082	0.952803	-0.223686	0.0772487	0.501123	0.960171	-0.866669	-1.91784e-11	
97	-0.894178	2.67431e-12	0.675082	0.952803	-0.223686	0.0772487	0.501123	0.960171	-0.866669	-7.57017e-12	
98	-0.894178	1.08669e-12	0.675082	0.952803	-0.223686	0.0772487	0.501123	0.960171	-0.866669	-3.07621e-12	
99	-0.894178	4.54969e-13	0.675082	0.952803	-0.223686	0.0772487	0.501123	0.96017	-0.866669	-1.28808e-12	
100	-0.894178	1.96509e-13	0.675082	0.952803	-0.223686	0.0772487	0.501123	0.96017	-0.866669	-5.56444e-13	
101	-0.894177	8.77076e-14	0.675082	0.952803	-0.223686	0.0772487	0.501123	0.96017	-0.866669	-2.48024e-13	
102	-0.894177	4.04121e-14	0.675082	0.952803	-0.223686	0.0772486	0.501122	0.96017	-0.866669	-1.14353e-13	
103	-0.894177	1.93179e-14	0.675081	0.952803	-0.223686	0.0772486	0.501122	0.96017	-0.866669	-5.4623e-14	
104	-0.894177	9.54792e-15	0.675081	0.952803	-0.223686	0.0772485	0.501122	0.96017	-0.866669	-2.68674e-14	
105	-0.894177	4.88498e-15	0.675081	0.952803	-0.223686	0.0772485	0.501122	0.96017	-0.866668	-1.37668e-14	
106	-0.894176	2.66454e-15	0.67508	0.952803	-0.223685	0.0772484	0.501121	0.96017	-0.866668	-7.32747e-15	
107	-0.894176	1.33227e-15	0.67508	0.952802	-0.223685	0.0772483	0.501121	0.96017	-0.866668	-3.9968e-15	
108	-0.894176	8.88178e-16	0.675079	0.952802	-0.223685	0.0772482	0.50112	0.960169	-0.866667	-2.22045e-15	
109	-0.894175	4.44089e-16	0.675078	0.952802	-0.223684	0.077248	0.501119	0.960169	-0.866666	-1.33227e-15	
110	-0.894174	2.22045e-16	0.675077	0.952801	-0.223684	0.0772478	0.501118	0.960169	-0.866665	-8.88178e-16	
111	-0.894173	2.22045e-16	0.675075	0.952801	-0.223683	0.0772475	0.501116	0.960168	-0.866664	-4.44089e-16	
112	-0.894172	2.22045e-16	0.675073	0.9528	-0.223682	0.0772472	0.501114	0.960167	-0.866663	-4.44089e-16	
113	-0.89417	2.22045e-16	0.675071	0.952799	-0.223681	0.0772467	0.501112	0.960167	-0.866661	-2.22045e-16	
114	-0.894168	0	0.675067	0.952798	-0.223679	0.0772461	0.501109	0.960165	-0.866658	-2.22045e-16	
115	-0.894165	0	0.675063	0.952796	-0.223677	0.0772454	0.501105	0.960164	-0.866655	0	
116	-0.894161	0	0.675057	0.952794	-0.223674	0.0772443	0.501099	0.960162	-0.866651	0	
117	-0.894156	0	0.675049	0.95279	-0.22367	0.0772429	0.501092	0.960159	-0.866645	0	
118	-0.894149	0	0.675038	0.952786	-0.223665	0.0772411	0.501082	0.960155	-0.866637	0	
119	-0.894139	0	0.675023	0.952781	-0.223658	0.0772385	0.501068	0.96015	-0.866626	0	
120	-0.894126	0	0.675003	0.952773	-0.223648	0.0772351	0.50105	0.960143	-0.866611	0	
121	-0.894108	0	0.674975	0.952762	-0.223634	0.0772303	0.501024	0.960134	-0.866591	0	
122	-0.894083	0	0.674936	0.952747	-0.223616	0.0772236	0.500988	0.960121	-0.866562	0	
123	-0.894048	0	0.674882	0.952726	-0.22359	0.0772143	0.500938	0.960102	-0.866522	0	
124	-0.893999	0	0.674806	0.952697	-0.223553	0.0772011	0.500867	0.960076	-0.866466	0	
125	-0.893928	0	0.674698	0.952655	-0.2235	0.0771825	0.500767	0.960039	-0.866386	0	
126	-0.893828	0	0.674543	0.952596	-0.223425	0.0771558	0.500625	0.959986	-0.866272	0	
127	-0.893684	0	0.674321	0.95251	-0.223318	0.0771176	0.50042	0.959911	-0.866109	0	
128	-0.893476	0	0.674	0.952386	-0.223163	0.0770625	0.500124	0.959801	-0.865872	0	
129	-0.893173	0	0.673535	0.952206	-0.222938	0.0769825	0.499694	0.959641	-0.865529	-2.22045e-16	
130	-0.892731	2.22045e-16	0.672857	0.951943	-0.222611	0.0768661	0.499069	0.959407	-0.865027	-4.44089e-16	
131	-0.892081	2.22045e-16	0.671863	0.951555	-0.222133	0.076696	0.498154	0.959063	-0.864291	-4.44089e-16	
132	-0.891123	2.22045e-16	0.670403	0.950982	-0.221432	0.0764467	0.496811	0.958554	-0.863205	-6.66134e-16	
133	-0.889703	4.44089e-16	0.668252	0.950129	-0.220404	0.076081	0.494837	0.957796	-0.861598	-8.88178e-16	
134	-0.887589	6.66134e-16	0.665077	0.948852	-0.218895	0.0755447	0.491933	0.956659	-0.85921	-1.77636e-15	
135	-0.884428	1.11022e-15	0.660389	0.946925	-0.216685	0.07476	0.487664	0.954943	-0.855648	-2.66454e-15	
136	-0.879679	1.77636e-15	0.653475	0.943997	-0.213466	0.0736182	0.481413	0.952326	-0.850316	-4.88498e-15	
137	-0.872517	3.33067e-15	0.64332	0.9395	-0.208821	0.0719731	0.47232	0.948294	-0.842318	-9.32587e-15	
138	-0.861677	6.21725e-15	0.628523	0.93252	-0.202218	0.0696394	0.459251	0.942002	-0.830304	-1.77636e-14	
139	-0.84525	1.24345e-14	0.607249	0.921555	-0.19304	0.0664056	0.440816	0.932049	-0.812292	-3.5083e-14	
140	-0.820448	2.53131e-14	0.57733	0.904167	-0.180695	0.0620718	0.415529	0.916106	-0.785489	-7.19425e-14	
141	-0.78351	5.39568e-14	0.536653	0.876546	-0.164812	0.0565218	0.382207	0.890445	-0.746319	-1.52767e-13	
142	-0.730186	1.18572e-13	0.484022	0.83335	-0.145527	0.0498184	0.340629	0.849645	-0.691065	-3.35731e-13	
143	-0.657419	2.6934e-13	0.420365	0.768729	-0.123708	0.0422749	0.292237	0.787424	-0.617601	-7.62057e-13	
144	-0.566227	6.30829e-13	0.349575	0.679624	-0.100921	0.0344354	0.240346	0.699856	-0.527933	-1.78546e-12	
145	-0.463725	1.52367e-12	0.277915	0.570235	-0.0790313	0.0269348	0.189401	0.590259	-0.429502	-4.31322e-12	
146	-0.361333	3.79186e-12	0.211878	0.452894	-0.0596237	0.0203043	0.143509	0.470795	-0.332991	-1.07334e-11	
147	-0.269705	9.71001e-12	0.155938	0.342456	-0.0435968	0.0148392	0.105214	0.357052	-0.247729	-2.74858e-11	
148	-0.194771	2.55602e-11	0.111696	0.249236	-0.0311123	0.0105869	0.0751975	0.26033	-0.178554	-7.23532e-11	
149	-0.137442	6.90923e-11	0.0784738	0.176621	-0.0218157	0.00742237	0.0527699	0.184668	-0.125865	-1.9558e-10	
150	-0.0955475	1.91571e-10	0.0544327	0.123051	-0.0151174	0.00514301	0.036582	0.128723	-0.0874532	-5.42279e-10	
151	-0.0658389	5.44214e-10	0.0374672	0.0848811	-0.0104006	0.00353822	0.025173	0.0888162	-0.0602456	-1.54051e-09	
152	-0.045165	1.58215e-09	0.0256889	0.0582574	-0.0071294	0.00242534	0.0172572	0.0609657	-0.0413229	-4.4786e-09	
153	-0.0309394	4.70166e-09	0.0175934	0.0399177	-0.00488215	0.00166084	0.011818	0.0417758	-0.0283058	-1.3309e-08	
154	-0.021211	1.42643e-08	0.0120601	0.0273693	-0.0033465	0.00113843	0.00810085	0.028644	-0.019405	-4.0378e-08	
155	-0.014576	4.41279e-08	0.00828725	0.0188089	-0.00229956	0.000782296	0.00556639	0.0196852	-0.0133348	-1.24913e-07	
156	-0.0100521	1.39025e-07	0.00571541	0.0129717	-0.00158599	0.000539599	0.00383847	0.0135761	-0.00919628	-3.93538e-07	
157	-0.0069633	4.45488e-07	0.00396033	0.00898604	-0.00109924	0.000374173	0.00265834	0.00940487	-0.0063711	-1.26104e-06	
158	-0.00484849	1.45004e-06	0.00276147	0.00625761	-0.000767377	0.000261799	0.00184901	0.00654954	-0.00443832	-4.10463e-06	
159	-0.00339446	4.78801e-06	0.00194636	0.0043832	-0.000543834	0.000187482	0.00128802	0.00458855	-0.00311452	-1.35534e-05	
160	-0.00238726	1.6017e-05	0.00141253	0.00308998	-0.000404565	0.000145919	0.000884107	0.0032376	-0.00221459	-4.53393e-05	
161	-0.00167525	5.42075e-05	0.00113967	0.00219338	-0.000358963	0.000150179	0.000546606	0.00230788	-0.00163632	-0.000153445	
162	-0.00113184	0.000185334	0.00128373	0.00156841	-0.000502309	0.000266834	0.00011384	0.00168351	-0.00139017	-0.000524624	
163	-0.000587783	0.000639004	0.00254168	0.00113026	-0.00120902	0.000742134	-0.000873253	0.00132776	-0.00176079	-0.00180883	
164	0.00036255	0.00221573	0.00744831	0.000821186	-0.00381353	0.00244451	-0.00394472	0.00136162	-0.0039093	-0.006272	
165	0.00299578	0.00767936	0.0248217	0.000601742	-0.0129423	0.0083789	-0.0143352	0.00237023	-0.0119577	-0.021735	
166	0.0114392	0.0261341	0.083605	0.000444879	-0.0438321	0.028447	-0.0492332	0.0063898	-0.0395469	-0.0738599	
167	0.0371084	0.0827319	0.259299	0.000331961	-0.138113	0.0899749	-0.155355	0.0191381	-0.124108	-0.230508	
168	0.096932	0.212816	0.598837	0.000250086	-0.347156	0.230874	-0.387106	0.0492023	-0.313754	-0.545371	
169	0.176619	0.376736	0.853098	0.000190278	-0.581062	0.40621	-0.634466	0.0897615	-0.533588	-0.808148	
170	0.229427	0.476451	0.929951	0.000146257	-0.700729	0.510882	-0.752936	0.117098	-0.651852	-0.899078	
171	0.250475	0.513794	0.948467	0.000113606	-0.740533	0.549564	-0.790679	0.128111	-0.69253	-0.922785	
172	0.257149	0.525313	0.953298	8.9201e-05	-0.752242	0.561431	-0.8016	0.131602	-0.704651	-0.929151	
173	0.259116	0.528667	0.954634	7.08164e-05	-0.7556	0.56488	-0.804717	0.132617	-0.708138	-0.930925	
174	0.259689	0.529631	0.955011	5.686e-05	-0.75656	0.56587	-0.805608	0.132901	-0.709133	-0.931429	
175	0.259858	0.529908	0.955119	4.61844e-05	-0.756835	0.566155	-0.805865	0.132975	-0.709417	-0.931573	
176	0.259911	0.529988	0.95515	3.79577e-05	-0.756915	0.566237	-0.805939	0.132992	-0.709497	-0.931615	
177	0.25993	0.530012	0.955159	3.1573e-05	-0.756938	0.566261	-0.805962	0.132992	-0.709519	-0.931627	
178	0.259937	0.530019	0.955161	2.65847e-05	-0.756944	0.566268	-0.805968	0.132989	-0.709525	-0.931631	
179	0.259941	0.530021	0.955162	2.26636e-05	-0.756946	0.56627	-0.805971	0.132986	-0.709525	-0.931632	
180	0.259944	0.530021	0.955162	1.95653e-05	-0.756946	0.56627	-0.805972	0.132983	-0.709525	-0.931632	
181	0.259946	0.530022	0.955162	1.71071e-05	-0.756947	0.56627	-0.805972	0.13298	-0.709524	-0.931632	
182	0.259947	0.530022	0.955162	1.51517e-05	-0.756947	0.56627	-0.805972	0.132978	-0.709524	-0.931632	
183	0.259948	0.530022	0.955162	1.35956e-05	-0.756946	0.56627	-0.805972	0.132977	-0.709523	-0.931632	
184	0.259949	0.530022	0.955162	1.23607e-05	-0.756946	0.56627	-0.805973	0.132976	-0.709523	-0.931632	
185	0.25995	0.530022	0.955162	1.13878e-05	-0.756946	0.56627	-0.805973	0.132975	-0.709522	-0.931632	
186	0.25995	0.530022	0.955162	1.06324e-05	-0.756946	0.56627	-0.805973	0.132974	-0.709522	-0.931632	
187	0.259951	0.530022	0.955162	1.00611e-05	-0.756946	0.56627	-0.805973	0.132973	-0.709522	-0.931632	
188	0.259951	0.530022	0.955162	9.64968e-06	-0.756946	0.56627	-0.805973	0.132973	-0.709522	-0.931632	
189	0.259951	0.530022	0.955162	9.38106e-06	-0.756946	0.56627	-0.805973	0.132973	-0.709522	-0.931632	
190	0.259951	0.530022	0.955162	9.24434e-06	-0.756946	0.56627	-0.805973	0.132972	-0.709522	-0.931632	
191	0.259951	0.530022	0.955162	9.23407e-06	-0.756946	0.56627	-0.805973	0.132972	-0.709522	-0.931632	
192	0.259951	0.530022	0.955162	9.34983e-06	-0.756946	0.56627	-0.805973	0.132973	-0.709522	-0.931632	
193	0.259951	0.530022	0.955162	9.59624e-06	-0.756946	0.56627	-0.805973	0.132973	-0.709522	-0.931632	
194	0.259951	0.530022	0.955162	9.98328e-06	-0.756946	0.56627	-0.805973	0.132973	-0.709522	-0.931632	
195	0.25995	0.530022	0.955162	1.05269e-05	-0.756946	0.56627	-0.805973	0.132974	-0.709522	-0.931632	
196	0.25995	0.530022	0.955162	1.12502e-05	-0.756946	0.56627	-0.805973	0.132974	-0.709522	-0.931632	
197	0.259949	0.530022	0.955162	1.21847e-05	-0.756946	0.56627	-0.805973	0.132975	-0.709523	-0.931632	
198	0.259948	0.530022	0.955162	1.3373e-05	-0.756946	0.56627	-0.805972	0.132977	-0.709523	-0.931632	
199	0.259947	0.530022	0.955162	1.48717e-05	-0.756947	0.56627	-0.805972	0.132978	-0.709524	-0.931632	
200	0.259946	0.530022	0.955162	1.67553e-05	-0.756947	0.56627	-0.805972	0.13298	-0.709524	-0.931632	
201	0.259944	0.530022	0.955162	1.91228e-05	-0.756947	0.566271	-0.805972	0.132983	-0.709525	-0.931632	
202	0.259942	0.530022	0.955162	2.2105e-05	-0.756947	0.566271	-0.805972	0.132986	-0.709526	-0.931632	
203	0.259939	0.530022	0.955162	2.58764e-05	-0.756947	0.566271	-0.805971	0.13299	-0.709527	-0.931632	
204	0.259936	0.530022	0.955163	3.06699e-05	-0.756947	0.566271	-0.805971	0.132994	-0.709529	-0.931632	
205	0.259932	0.530022	0.955163	3.67988e-05	-0.756948	0.566271	-0.80597	0.133001	-0.709531	-0.931632	
206	0.259926	0.530022	0.955163	4.4687e-05	-0.756948	0.566271	-0.805969	0.133009	-0.709534	-0.931632	
207	0.259918	0.530022	0.955163	5.49112e-05	-0.756949	0.566272	-0.805968	0.133019	-0.709538	-0.931632	
208	0.259909	0.530022	0.955164	6.82611e-05	-0.756949	0.566272	-0.805967	0.133033	-0.709542	-0.931632	
209	0.259896	0.530022	0.955165	8.58247e-05	-0.75695	0.566272	-0.805965	0.133051	-0.709548	-0.931632	
210	0.259879	0.530022	0.955166	0.000109111	-0.756951	0.566273	-0.805963	0.133075	-0.709557	-0.931632	
211	0.259857	0.530022	0.955167	0.000140224	-0.756953	0.566274	-0.805959	0.133107	-0.709568	-0.931632	
212	0.259827	0.530022	0.955168	0.000182119	-0.756955	0.566275	-0.805955	0.13315	-0.709582	-0.931632	
213	0.259785	0.530022	0.955171	0.000238968	-0.756958	0.566277	-0.805949	0.133209	-0.709602	-0.931632	
214	0.259729	0.530022	0.955174	0.000316696	-0.756962	0.566279	-0.805941	0.133288	-0.70963	-0.931632	
215	0.259652	0.530022	0.955178	0.000423766	-0.756968	0.566282	-0.80593	0.133399	-0.709667	-0.931632	
216	0.259545	0.530022	0.955183	0.000572331	-0.756976	0.566286	-0.805914	0.133551	-0.70972	-0.931632	
217	0.259394	0.530022	0.955191	0.00077993	-0.756986	0.566292	-0.805893	0.133765	-0.709793	-0.931632	
218	0.259183	0.530022	0.955203	0.00107201	-0.757002	0.5663	-0.805863	0.134065	-0.709895	-0.931632	
219	0.258884	0.530022	0.955219	0.00148563	-0.757023	0.566312	-0.80582	0.13449	-0.710041	-0.931632	
220	0.258458	0.530022	0.955241	0.00207502	-0.757054	0.566329	-0.805759	0.135096	-0.710248	-0.931632	
221	0.257847	0.530022	0.955274	0.00291981	-0.757098	0.566352	-0.805671	0.135964	-0.710545	-0.931632	
222	0.256966	0.530022	0.955321	0.00413727	-0.757162	0.566387	-0.805544	0.137214	-0.710972	-0.931632	
223	0.25569	0.530022	0.955389	0.00590053	-0.757254	0.566437	-0.805361	0.139024	-0.711589	-0.931632	
224	0.253831	0.530022	0.955487	0.00846547	-0.757387	0.566509	-0.805094	0.141656	-0.712486	-0.931632	
225	0.251114	0.530022	0.955631	0.0122103	-0.757582	0.566615	-0.804704	0.145495	-0.713791	-0.931632	
226	0.247128	0.530022	0.95584	0.0176931	-0.757868	0.56677	-0.804131	0.151108	-0.715692	-0.931632	
227	0.241266	0.530022	0.956145	0.0257327	-0.758286	0.566997	-0.803289	0.159324	-0.718462	-0.931632	
228	0.232636	0.530022	0.956588	0.0375203	-0.758898	0.56733	-0.802046	0.171335	-0.722485	-0.931632	
229	0.219934	0.530022	0.95723	0.0547602	-0.759793	0.567817	-0.800215	0.188831	-0.728288	-0.931632	
230	0.201289	0.530022	0.958149	0.0798231	-0.761091	0.568526	-0.79752	0.214111	-0.736562	-0.931632	
231	0.174095	0.530022	0.959442	0.115847	-0.762955	0.569548	-0.793568	0.250126	-0.748137	-0.931632	
232	0.134902	0.530022	0.961217	0.166622	-0.76559	0.571003	-0.787821	0.30024	-0.763872	-0.931632	
233	0.0795652	0.530022	0.963566	0.235922	-0.769221	0.573024	-0.779572	0.367398	-0.784387	-0.931632	
234	0.00402158	0.530022	0.966521	0.32583	-0.774053	0.575747	-0.767972	0.452364	-0.809624	-0.931632	
235	-0.0938196	0.530022	0.970002	0.433966	-0.780183	0.579256	-0.752154	0.551258	-0.838381	-0.931632	
236	-0.211176	0.530022	0.973787	0.551144	-0.7875	0.58353	-0.731504	0.654237	-0.868209	-0.931632	
237	-0.338342	0.530022	0.977546	0.662844	-0.795618	0.588386	-0.706082	0.748179	-0.896055	-0.931632	
238	-0.460759	0.530022	0.980949	0.755802	-0.80392	0.593487	-0.676999	0.823008	-0.919449	-0.931632	
239	-0.565457	0.530022	0.983777	0.824368	-0.811731	0.598419	-0.646418	0.876066	-0.937362	-0.931632	
240	-0.646453	0.530022	0.985964	0.870695	-0.818525	0.602823	-0.616973	0.910759	-0.950147	-0.931632	
241	-0.704756	0.530022	0.987569	0.900466	-0.824044	0.606483	-0.590901	0.932491	-0.958865	-0.931632	
242	-0.74491	0.530022	0.988705	0.919228	-0.828287	0.609349	-0.569439	0.945929	-0.964669	-0.931632	
243	-0.771935	0.530022	0.989489	0.931047	-0.831415	0.611493	-0.55278	0.954278	-0.968493	-0.931632	
244	-0.789945	0.530022	0.990024	0.938558	-0.833651	0.613042	-0.540413	0.959532	-0.971009	-0.931632	
245	-0.801918	0.530022	0.990387	0.943386	-0.835216	0.614136	-0.531519	0.962888	-0.972669	-0.931632	
246	-0.809885	0.530022	0.990631	0.946526	-0.836297	0.614895	-0.525262	0.965059	-0.973767	-0.931632	
247	-0.815201	0.530022	0.990795	0.948588	-0.837038	0.615417	-0.520922	0.966481	-0.974498	-0.931632	
248	-0.818759	0.530022	0.990906	0.949953	-0.837543	0.615774	-0.517938	0.96742	-0.974987	-0.931632	
249	-0.821151	0.530022	0.990981	0.950864	-0.837886	0.616017	-0.515896	0.968046	-0.975314	-0.931632	
250	-0.822765	0.530022	0.991031	0.951476	-0.83812	0.616182	-0.5145	0.968466	-0.975535	-0.931632	
251	-0.823858	0.530021	0.991066	0.951889	-0.838279	0.616295	-0.513546	0.968749	-0.975685	-0.931632	
252	-0.824603	0.530021	0.991089	0.95217	-0.838387	0.616372	-0.512892	0.968942	-0.975787	-0.931632	
253	-0.825112	0.530019	0.991105	0.952361	-0.838461	0.616423	-0.51244	0.969073	-0.975856	-0.931631	
254	-0.825464	0.530013	0.991116	0.952493	-0.838508	0.616454	-0.512119	0.969163	-0.975903	-0.931628	
255	-0.82571	0.529993	0.991122	0.952584	-0.838529	0.61646	-0.511866	0.969225	-0.975934	-0.931617	
256	-0.825892	0.529923	0.991122	0.952647	-0.838506	0.616413	-0.511582	0.969267	-0.975951	-0.931581	
257	-0.826058	0.529684	0.991106	0.952691	-0.838358	0.6162	-0.511012	0.969293	-0.975943	-0.931456	
258	-0.826306	0.52885	0.991043	0.952722	-0.837792	0.615427	-0.509319	0.969298	-0.975872	-0.931021	
259	-0.826939	0.525948	0.990813	0.952744	-0.835782	0.612709	-0.503618	0.969258	-0.97559	-0.929489	
260	-0.828926	0.515953	0.989976	0.95276	-0.828723	0.603307	-0.483976	0.96908	-0.974583	-0.924011	
261	-0.835015	0.483188	0.986768	0.952771	-0.80437	0.572226	-0.418263	0.96848	-0.971077	-0.903722	
262	-0.849722	0.392609	0.973058	0.95278	-0.727202	0.484398	-0.229248	0.966868	-0.95972	-0.825678	
263	-0.870603	0.232297	0.918087	0.952786	-0.553931	0.322823	0.103174	0.964134	-0.932171	-0.584841	
264	-0.885335	0.0936722	0.80772	0.95279	-0.367002	0.17769	0.356788	0.961788	-0.897751	-0.259841	
265	-0.891411	0.0300456	0.724046	0.952793	-0.270947	0.10965	0.45736	0.96069	-0.877454	-0.0848712	
266	-0.89336	0.00886873	0.690207	0.952796	-0.237748	0.0868282	0.488446	0.96032	-0.869931	-0.0251001	
267	-0.893936	0.00256103	0.6795	0.952797	-0.227752	0.0800148	0.497475	0.96021	-0.867612	-0.0072494	
268	-0.894103	0.00073831	0.676353	0.952799	-0.224856	0.078045	0.500066	0.960179	-0.866936	-0.00208993	
269	-0.894152	0.000213958	0.675445	0.9528	-0.224022	0.0774785	0.500811	0.960171	-0.866742	-0.00060565	
270	-0.894167	6.25121e-05	0.675184	0.952801	-0.223782	0.0773151	0.501028	0.960169	-0.866687	-0.000176953	
271	-0.894172	1.84475e-05	0.675109	0.952801	-0.223713	0.0772677	0.501091	0.960169	-0.866672	-5.22194e-05	
272	-0.894174	5.50673e-06	0.675087	0.952802	-0.223693	0.0772539	0.501111	0.960169	-0.866668	-1.55879e-05	
273	-0.894175	1.66506e-06	0.675082	0.952802	-0.223687	0.0772499	0.501117	0.960169	-0.866668	-4.7133e-06	
274	-0.894176	5.1066e-07	0.67508	0.952802	-0.223686	0.0772488	0.50112	0.96017	-0.866668	-1.44553e-06	
275	-0.894176	1.59063e-07	0.67508	0.952803	-0.223686	0.0772486	0.501121	0.96017	-0.866668	-4.50259e-07	
276	-0.894177	5.03853e-08	0.675081	0.952803	-0.223686	0.0772485	0.501121	0.96017	-0.866668	-1.42626e-07	
277	-0.894177	1.62514e-08	0.675081	0.952803	-0.223686	0.0772486	0.501122	0.96017	-0.866669	-4.6003e-08	
278	-0.894177	5.34416e-09	0.675081	0.952803	-0.223686	0.0772486	0.501122	0.96017	-0.866669	-1.51277e-08	
279	-0.894177	1.79392e-09	0.675082	0.952803	-0.223686	0.0772486	0.501122	0.96017	-0.866669	-5.07805e-09	
280	-0.894177	6.15445e-10	0.675082	0.952803	-0.223686	0.0772487	0.501123	0.96017	-0.866669	-1.74214e-09	
281	-0.894178	2.1605e-10	0.675082	0.952803	-0.223686	0.0772487	0.501123	0.96017	-0.866669	-6.11573e-10	
282	-0.894178	7.76967e-11	0.675082	0.952803	-0.223686	0.0772487	0.501123	0.96017	-0.866669	-2.19937e-10	
283	-0.894178	2.86569e-11	0.675082	0.952803	-0.223686	0.0772487	0.501123	0.960171	-0.866669	-8.11191e-11	
284	-0.894178	1.08522e-11	0.675082	0.952803	-0.223686	0.0772487	0.501123	0.960171	-0.866669	-3.0719e-11	
285	-0.894178	4.22395e-12	0.675082	0.952803	-0.223686	0.0772487	0.501123	0.960171	-0.866669	-1.19571e-11	
286	-0.894178	1.69176e-12	0.675082	0.952803	-0.223686	0.0772487	0.501123	0.960171	-0.866669	-4.78861e-12	
287	-0.894178	6.97886e-13	0.675082	0.952803	-0.223686	0.0772487	0.501123	0.960171	-0.866669	-1.97531e-12	
288	-0.894178	2.96874e-13	0.675082	0.952803	-0.223686	0.0772487	0.501123	0.96017	-0.866669	-8.39995e-13	
289	-0.894178	1.3034e-13	0.675082	0.952803	-0.223686	0.0772487	0.501123	0.96017	-0.866669	-3.68594e-13	
290	-0.894177	5.90639e-14	0.675082	0.952803	-0.223686	0.0772487	0.501122	0.96017	-0.866669	-1.66978e-13	
291	-0.894177	2.77556e-14	0.675082	0.952803	-0.223686	0.0772486	0.501122	0.96017	-0.866669	-7.81597e-14	
292	-0.894177	1.35447e-14	0.675081	0.952803	-0.223686	0.0772486	0.501122	0.96017	-0.866669	-3.79696e-14	
293	-0.894177	6.66134e-15	0.675081	0.952803	-0.223686	0.0772485	0.501122	0.96017	-0.866669	-1.90958e-14	
294	-0.894177	3.55271e-15	0.67508	0.952803	-0.223686	0.0772484	0.501121	0.96017	-0.866668	-9.76996e-15	
295	-0.894176	1.9984e-15	0.67508	0.952803	-0.223685	0.0772484	0.501121	0.96017	-0.866668	-5.32907e-15	
296	-0.894176	1.11022e-15	0.675079	0.952802	-0.223685	0.0772482	0.50112	0.96017	-0.866667	-3.10862e-15	
297	-0.894175	6.66134e-16	0.675078	0.952802	-0.223685	0.0772481	0.501119	0.960169	-0.866667	-1.77636e-15	
298	-0.894175	4.44089e-16	0.675077	0.952802	-0.223684	0.0772479	0.501118	0.960169	-0.866666	-8.88178e-16	
299	-0.894174	2.22045e-16	0.675076	0.952801	-0.223683	0.0772477	0.501117	0.960168	-0.866665	-6.66134e-16	
300	-0.894173	2.22045e-16	0.675074	0.9528	-0.223683	0.0772474	0.501115	0.960168	-0.866664	-4.44089e-16	
301	-0.894171	2.22045e-16	0.675072	0.952799	-0.223681	0.077247	0.501113	0.960167	-0.866662	-4.44089e-16	
302	-0.894169	0	0.675069	0.952798	-0.22368	0.0772464	0.501111	0.960166	-0.86666	-2.22045e-16	
303	-0.894167	0	0.675065	0.952797	-0.223678	0.0772458	0.501107	0.960165	-0.866657	0	
304	-0.894163	0	0.67506	0.952795	-0.223676	0.0772449	0.501102	0.960163	-0.866653	0	
305	-0.894159	0	0.675053	0.952792	-0.223672	0.0772437	0.501096	0.960161	-0.866648	0	
306	-0.894153	0	0.675043	0.952789	-0.223668	0.0772421	0.501087	0.960157	-0.866641	0	
307	-0.894144	0	0.675031	0.952784	-0.223662	0.0772399	0.501075	0.960153	-0.866632	0	
308	-0.894133	0	0.675014	0.952777	-0.223653	0.0772369	0.50106	0.960147	-0.866619	0	
309	-0.894118	0	0.67499	0.952768	-0.223642	0.0772328	0.501038	0.960139	-0.866602	0	
310	-0.894097	0	0.674957	0.952755	-0.223626	0.0772272	0.501007	0.960128	-0.866577	0	
311	-0.894067	0	0.674911	0.952738	-0.223604	0.0772193	0.500965	0.960112	-0.866544	0	
312	-0.894025	0	0.674847	0.952713	-0.223572	0.0772082	0.500905	0.96009	-0.866496	0	
313	-0.893966	0	0.674756	0.952678	-0.223528	0.0771925	0.500821	0.960059	-0.866429	0	
314	-0.893882	0	0.674626	0.952628	-0.223466	0.0771702	0.500702	0.960015	-0.866334	0	
315	-0.893762	0	0.674441	0.952557	-0.223376	0.0771383	0.500531	0.959952	-0.866197	0	
316	-0.893588	0	0.674174	0.952453	-0.223247	0.0770923	0.500284	0.95986	-0.866	0	
317	-0.893337	0	0.673787	0.952304	-0.22306	0.0770259	0.499927	0.959728	-0.865715	-2.22045e-16	
318	-0.892971	2.22045e-16	0.673225	0.952086	-0.222789	0.0769293	0.499408	0.959534	-0.865299	-2.22045e-16	
319	-0.892434	2.22045e-16	0.672403	0.951766	-0.222393	0.0767884	0.498651	0.95925	-0.864691	-4.44089e-16	
320	-0.891645	2.22045e-16	0.671197	0.951294	-0.221813	0.0765821	0.497541	0.958831	-0.863796	-4.44089e-16	
321	-0.890477	2.22045e-16	0.669423	0.950594	-0.220963	0.0762797	0.49591	0.958209	-0.862474	-8.88178e-16	
322	-0.888742	4.44089e-16	0.666805	0.949549	-0.219715	0.0758361	0.493512	0.95728	-0.860512	-1.33227e-15	
323	-0.886154	8.88178e-16	0.66294	0.947979	-0.217884	0.0751859	0.489984	0.955882	-0.857591	-2.22045e-15	
324	-0.882274	1.33227e-15	0.657235	0.945602	-0.215211	0.0742369	0.484806	0.953761	-0.853227	-3.77476e-15	
325	-0.876435	2.44249e-15	0.648836	0.941971	-0.211332	0.072862	0.477245	0.950512	-0.846687	-6.66134e-15	
326	-0.86761	4.44089e-15	0.636541	0.936366	-0.205772	0.0708949	0.466307	0.945474	-0.836866	-1.28786e-14	
327	-0.854241	8.88178e-15	0.618732	0.927612	-0.19795	0.0681341	0.450717	0.937558	-0.822122	-2.4869e-14	
328	-0.834	1.77636e-14	0.593379	0.913788	-0.18724	0.0643673	0.429005	0.92495	-0.800079	-5.01821e-14	
329	-0.803599	3.70814e-14	0.558265	0.891815	-0.173132	0.0594256	0.39977	0.904677	-0.76752	-1.04805e-13	
330	-0.758909	7.99361e-14	0.511604	0.857084	-0.155473	0.0532711	0.362221	0.872153	-0.720656	-2.26263e-13	
331	-0.695977	1.78746e-13	0.453116	0.803742	-0.134752	0.0460883	0.316902	0.821294	-0.656282	-5.05596e-13	
332	-0.61342	4.12115e-13	0.385191	0.72679	-0.112218	0.0383173	0.26623	0.746432	-0.574049	-1.16618e-12	
333	-0.515266	9.80549e-13	0.313104	0.626358	-0.0896547	0.0305716	0.214246	0.646738	-0.478731	-2.77556e-12	
334	-0.411311	2.40474e-12	0.243554	0.511069	-0.0688563	0.0234566	0.165415	0.530231	-0.379909	-6.807e-12	
335	-0.313264	6.07181e-12	0.182232	0.395511	-0.0510909	0.0173937	0.123158	0.411828	-0.288153	-1.71874e-11	
336	-0.229663	1.57685e-11	0.13216	0.292916	-0.0368699	0.0125475	0.0890572	0.305718	-0.210713	-4.46356e-11	
337	-0.163742	4.20732e-11	0.0936604	0.210049	-0.0260586	0.00886648	0.0630125	0.219527	-0.150016	-1.19097e-10	
338	-0.114576	1.15212e-10	0.0653323	0.147426	-0.0181518	0.00617552	0.0439177	0.154189	-0.104892	-3.2613e-10	
339	-0.0792462	3.23427e-10	0.0451168	0.102122	-0.0125265	0.0042615	0.030316	0.106845	-0.0725215	-9.15525e-10	
340	-0.0544583	9.29704e-10	0.0309812	0.0702302	-0.00859896	0.00292528	0.0208136	0.0734915	-0.0498281	-2.63171e-09	
341	-0.0373196	2.73333e-09	0.0212235	0.0481447	-0.00588975	0.00200361	0.0142569	0.0503846	-0.0341437	-7.73725e-09	
342	-0.0255693	8.20919e-09	0.0145387	0.0329914	-0.00403436	0.00137243	0.00976593	0.0345276	-0.0233924	-2.32377e-08	
343	-0.0175474	2.51557e-08	0.00997676	0.0226427	-0.00276838	0.000941769	0.00670135	0.0236975	-0.0160532	-7.12083e-08	
344	-0.0120784	7.85527e-08	0.0068673	0.0155863	-0.00190557	0.000648285	0.00461245	0.0163126	-0.01105	-2.22359e-07	
345	-0.00834766	2.49646e-07	0.00474672	0.0107723	-0.00131729	0.000448249	0.00318735	0.0112743	-0.00763719	-7.06674e-07	
346	-0.00579721	8.06436e-07	0.00329862	0.0074815	-0.000915915	0.000311996	0.00221241	0.00783031	-0.00530501	-2.28278e-06	
347	-0.0040477	2.64441e-06	0.00231033	0.00522492	-0.000643137	0.000220154	0.00154116	0.005469	-0.00370802	-7.48554e-06	
348	-0.00284111	8.79078e-06	0.00164559	0.00367145	-0.000463536	0.000162238	0.00106983	0.00384453	-0.00261596	-2.48841e-05	
349	-0.00199919	2.95854e-05	0.00123878	0.00259709	-0.000367051	0.000140183	0.000712607	0.00272482	-0.00188554	-8.37475e-05	
350	-0.00138841	0.000100663	0.00113709	0.00185025	-0.000394868	0.000186446	0.000357267	0.00195928	-0.00146283	-0.000284946	
351	-0.00087337	0.000345714	0.00169084	0.00132818	-0.000741711	0.000431313	-0.00026037	0.00146842	-0.00146069	-0.000978614	
352	-0.000205568	0.00119594	0.00424839	0.000961039	-0.00212166	0.00134096	-0.00197594	0.00127687	-0.00247713	-0.00338535	
353	0.00132791	0.00415084	0.0135839	0.000701218	-0.00704167	0.00454459	-0.00763747	0.00167463	-0.00672998	-0.0117493	
354	0.00604982	0.0143059	0.0459532	0.000516121	-0.0240341	0.0155838	-0.0268808	0.00378261	-0.0218458	-0.0404764	
355	0.0211071	0.0474494	0.150881	0.000383344	-0.0794551	0.051626	-0.089394	0.0111626	-0.0714538	-0.133612	
356	0.0625026	0.138422	0.418365	0.000287418	-0.229351	0.150416	-0.257308	0.0318642	-0.206395	-0.375116	
357	0.13787	0.298757	0.755513	0.000217604	-0.474945	0.323213	-0.52437	0.0699522	-0.43243	-0.702537	
358	0.208141	0.437249	0.905064	0.000166411	-0.655957	0.469955	-0.709427	0.106027	-0.60697	-0.868539	
359	0.24284	0.500416	0.942357	0.000128586	-0.726597	0.535743	-0.777572	0.12411	-0.678197	-0.91485	
360	0.254817	0.521308	0.951662	0.000100422	-0.748202	0.557309	-0.797841	0.130385	-0.70046	-0.926985	
361	0.258435	0.52751	0.954177	7.92866e-05	-0.754444	0.56369	-0.803644	0.132268	-0.706937	-0.930317	
362	0.25949	0.529299	0.954881	6.33033e-05	-0.756229	0.565529	-0.805301	0.132804	-0.708791	-0.931256	
363	0.259799	0.529813	0.955082	5.11231e-05	-0.75674	0.566057	-0.805776	0.132951	-0.70932	-0.931523	
364	0.259892	0.529961	0.955139	4.17709e-05	-0.756887	0.566209	-0.805913	0.132987	-0.70947	-0.931601	
365	0.259923	0.530004	0.955156	3.45379e-05	-0.75693	0.566253	-0.805954	0.132993	-0.709512	-0.931623	
366	0.259934	0.530016	0.95516	2.89051e-05	-0.756942	0.566265	-0.805966	0.132991	-0.709523	-0.931629	
367	0.259939	0.53002	0.955162	2.44903e-05	-0.756945	0.566269	-0.80597	0.132988	-0.709525	-0.931631	
368	0.259943	0.530021	0.955162	2.10106e-05	-0.756946	0.56627	-0.805971	0.132984	-0.709525	-0.931632	
369	0.259945	0.530021	0.955162	1.82548e-05	-0.756947	0.56627	-0.805972	0.132982	-0.709525	-0.931632	
370	0.259946	0.530022	0.955162	1.6065e-05	-0.756947	0.56627	-0.805972	0.132979	-0.709524	-0.931632	
371	0.259948	0.530022	0.955162	1.43222e-05	-0.756946	0.56627	-0.805972	0.132978	-0.709523	-0.931632	
372	0.259949	0.530022	0.955162	1.29366e-05	-0.756946	0.56627	-0.805972	0.132976	-0.709523	-0.931632	
373	0.25995	0.530022	0.955162	1.18403e-05	-0.756946	0.56627	-0.805973	0.132975	-0.709522	-0.931632	
374	0.25995	0.530022	0.955162	1.09819e-05	-0.756946	0.56627	-0.805973	0.132974	-0.709522	-0.931632	
375	0.259951	0.530022	0.955162	1.03229e-05	-0.756946	0.56627	-0.805973	0.132974	-0.709522	-0.931632	
376	0.259951	0.530022	0.955162	9.83482e-06	-0.756946	0.56627	-0.805973	0.132973	-0.709522	-0.931632	
377	0.259951	0.530022	0.955162	9.49714e-06	-0.756946	0.56627	-0.805973	0.132973	-0.709522	-0.931632	
378	0.259951	0.530022	0.955162	9.29607e-06	-0.756946	0.56627	-0.805973	0.132972	-0.709522	-0.931632	
379	0.259951	0.530022	0.955162	9.2235e-06	-0.756946	0.56627	-0.805973	0.132972	-0.709522	-0.931632	
380	0.259951	0.530022	0.955162	9.27654e-06	-0.756946	0.56627	-0.805973	0.132972	-0.709522	-0.931632	
381	0.259951	0.530022	0.955162	9.4573e-06	-0.756946	0.56627	-0.805973	0.132973	-0.709522	-0.931632	
382	0.259951	0.530022	0.955162	9.77305e-06	-0.756946	0.56627	-0.805973	0.132973	-0.709522	-0.931632	
383	0.259951	0.530022	0.955162	1.02367e-05	-0.756946	0.56627	-0.805973	0.132973	-0.709522	-0.931632	
384	0.25995	0.530022	0.955162	1.08675e-05	-0.756946	0.56627	-0.805973	0.132974	-0.709522	-0.931632	
385	0.25995	0.530022	0.955162	1.16928e-05	-0.756946	0.56627	-0.805973	0.132975	-0.709522	-0.931632	
386	0.259949	0.530022	0.955162	1.27492e-05	-0.756946	0.56627	-0.805972	0.132976	-0.709523	-0.931632	
387	0.259948	0.530022	0.955162	1.4086e-05	-0.756946	0.56627	-0.805972	0.132977	-0.709523	-0.931632	
388	0.259947	0.530022	0.955162	1.57682e-05	-0.756947	0.56627	-0.805972	0.132979	-0.709524	-0.931632	
389	0.259945	0.530022	0.955162	1.78817e-05	-0.756947	0.566271	-0.805972	0.132981	-0.709525	-0.931632	
390	0.259943	0.530022	0.955162	2.05406e-05	-0.756947	0.566271	-0.805972	0.132984	-0.709526	-0.931632	
391	0.259941	0.530022	0.955162	2.38958e-05	-0.756947	0.566271	-0.805971	0.132987	-0.709527	-0.931632	
392	0.259938	0.530022	0.955162	2.81492e-05	-0.756947	0.566271	-0.805971	0.132992	-0.709528	-0.931632	
393	0.259934	0.530022	0.955163	3.35711e-05	-0.756948	0.566271	-0.80597	0.132997	-0.70953	-0.931632	
394	0.259929	0.530022	0.955163	4.05261e-05	-0.756948	0.566271	-0.80597	0.133005	-0.709533	-0.931632	
395	0.259922	0.530022	0.955163	4.95089e-05	-0.756948	0.566271	-0.805969	0.133014	-0.709536	-0.931632	
396	0.259914	0.530022	0.955164	6.11948e-05	-0.756949	0.566272	-0.805967	0.133026	-0.70954	-0.931632	
397	0.259903	0.530022	0.955164	7.65113e-05	-0.75695	0.566272	-0.805966	0.133042	-0.709545	-0.931632	
398	0.259888	0.530022	0.955165	9.67404e-05	-0.756951	0.566273	-0.805964	0.133062	-0.709552	-0.931632	
399	0.259869	0.530022	0.955166	0.000123666	-0.756952	0.566274	-0.805961	0.13309	-0.709562	-0.931632	
400	0.259843	0.530022	0.955167	0.000159782	-0.756954	0.566275	-0.805957	0.133127	-0.709575	-0.931632	
401	0.259807	0.530022	0.955169	0.000208605	-0.756957	0.566276	-0.805952	0.133177	-0.709592	-0.931632	
402	0.259759	0.530022	0.955172	0.000275108	-0.75696	0.566278	-0.805945	0.133246	-0.709615	-0.931632	
403	0.259693	0.530022	0.955175	0.000366381	-0.756965	0.56628	-0.805936	0.13334	-0.709647	-0.931632	
404	0.259602	0.530022	0.95518	0.000492573	-0.756971	0.566284	-0.805923	0.133469	-0.709692	-0.931632	
405	0.259475	0.530022	0.955187	0.000668301	-0.756981	0.566289	-0.805905	0.13365	-0.709753	-0.931632	
406	0.259297	0.530022	0.955197	0.00091471	-0.756993	0.566296	-0.805879	0.133903	-0.70984	-0.931632	
407	0.259046	0.530022	0.95521	0.00126255	-0.757012	0.566306	-0.805843	0.134261	-0.709962	-0.931632	
408	0.258688	0.530022	0.955229	0.00175669	-0.757037	0.56632	-0.805792	0.134769	-0.710136	-0.931632	
409	0.258178	0.530022	0.955256	0.00246295	-0.757074	0.56634	-0.805718	0.135494	-0.710384	-0.931632	
410	0.257443	0.530022	0.955295	0.00347809	-0.757127	0.566368	-0.805613	0.136537	-0.710741	-0.931632	
411	0.256382	0.530022	0.955352	0.0049448	-0.757204	0.56641	-0.80546	0.138043	-0.711255	-0.931632	
412	0.25484	0.530022	0.955434	0.00707392	-0.757315	0.56647	-0.805239	0.140228	-0.712	-0.931632	
413	0.252589	0.530022	0.955553	0.0101771	-0.757477	0.566557	-0.804916	0.143411	-0.713083	-0.931632	
414	0.249294	0.530022	0.955726	0.0147148	-0.757713	0.566686	-0.804443	0.14806	-0.714661	-0.931632	
415	0.244453	0.530022	0.955979	0.0213646	-0.758059	0.566873	-0.803747	0.154862	-0.71696	-0.931632	
416	0.23733	0.530022	0.956348	0.0311174	-0.758566	0.567149	-0.802722	0.164816	-0.720306	-0.931632	
417	0.226839	0.530022	0.956883	0.045404	-0.759308	0.567552	-0.801211	0.179347	-0.72515	-0.931632	
418	0.211415	0.530022	0.957653	0.0662467	-0.760388	0.568141	-0.798985	0.20044	-0.732103	-0.931632	
419	0.188836	0.530022	0.958748	0.0963989	-0.761949	0.568996	-0.795713	0.23073	-0.741933	-0.931632	
420	0.156073	0.530022	0.960271	0.139366	-0.764174	0.57022	-0.790934	0.273434	-0.755505	-0.931632	
421	0.109278	0.530022	0.962326	0.199066	-0.767283	0.571943	-0.784023	0.33186	-0.773605	-0.931632	
422	0.0441919	0.530022	0.964983	0.278707	-0.771498	0.574303	-0.774195	0.408138	-0.796572	-0.931632	
423	-0.0425706	0.530022	0.968222	0.378505	-0.776984	0.577417	-0.760569	0.500993	-0.823818	-0.931632	
424	-0.151023	0.530022	0.971893	0.492789	-0.783743	0.581324	-0.742359	0.603506	-0.853483	-0.931632	
425	-0.274959	0.530022	0.975709	0.609132	-0.79153	0.585925	-0.719235	0.703536	-0.882686	-0.931632	
426	-0.401624	0.530022	0.979325	0.712648	-0.799826	0.590954	-0.691754	0.788666	-0.908515	-0.931632	
427	-0.516354	0.530022	0.982455	0.793443	-0.80796	0.596021	-0.661596	0.852375	-0.929174	-0.931632	
428	-0.609343	0.530022	0.984959	0.850188	-0.815308	0.600724	-0.631263	0.895526	-0.944393	-0.931632	
429	-0.678454	0.530022	0.98684	0.887405	-0.821474	0.604768	-0.603295	0.923016	-0.954978	-0.931632	
430	-0.726953	0.530022	0.988193	0.911014	-0.826337	0.608025	-0.579465	0.940072	-0.962092	-0.931632	
431	-0.759898	0.530022	0.989137	0.925864	-0.829991	0.610514	-0.560456	0.950628	-0.966797	-0.931632	
432	-0.781935	0.530022	0.989785	0.935254	-0.83264	0.61234	-0.546053	0.957226	-0.969893	-0.931632	
433	-0.796593	0.530022	0.990225	0.941255	-0.834512	0.613643	-0.535546	0.961409	-0.971932	-0.931632	
434	-0.80634	0.530022	0.990522	0.945136	-0.835812	0.614554	-0.528082	0.964099	-0.973279	-0.931632	
435	-0.812833	0.530022	0.990722	0.947673	-0.836706	0.615183	-0.522872	0.96585	-0.974173	-0.931632	
436	-0.817173	0.530022	0.990856	0.949346	-0.837317	0.615614	-0.519277	0.967003	-0.974769	-0.931632	
437	-0.820083	0.530022	0.990947	0.950458	-0.837732	0.615908	-0.516811	0.967768	-0.975168	-0.931632	
438	-0.822043	0.530022	0.991009	0.951203	-0.838015	0.616108	-0.515126	0.968279	-0.975437	-0.931632	
439	-0.823369	0.530021	0.99105	0.951704	-0.838207	0.616245	-0.513974	0.968623	-0.975618	-0.931632	
440	-0.824269	0.530021	0.991079	0.952044	-0.838339	0.616337	-0.513186	0.968856	-0.975741	-0.931632	
441	-0.824884	0.53002	0.991098	0.952275	-0.838428	0.6164	-0.512644	0.969014	-0.975825	-0.931631	
442	-0.825306	0.530017	0.991111	0.952434	-0.838487	0.616441	-0.512266	0.969123	-0.975882	-0.93163	
443	-0.825598	0.530006	0.991119	0.952543	-0.838523	0.616461	-0.511987	0.969197	-0.975921	-0.931624	
444	-0.825807	0.529968	0.991123	0.952619	-0.838526	0.616447	-0.511736	0.969248	-0.975945	-0.931604	
445	-0.825974	0.529839	0.991117	0.952671	-0.838457	0.61634	-0.51136	0.969282	-0.975951	-0.931537	
446	-0.826162	0.529389	0.991085	0.952708	-0.838161	0.615929	-0.5104	0.969299	-0.97592	-0.931303	
447	-0.826542	0.527825	0.990963	0.952734	-0.837085	0.614469	-0.507298	0.969287	-0.975774	-0.930483	
448	-0.827659	0.522395	0.990523	0.952753	-0.833293	0.609372	-0.496654	0.969197	-0.975236	-0.927578	
449	-0.831206	0.504004	0.988892	0.952766	-0.820057	0.592017	-0.460245	0.968861	-0.973339	-0.917038	
450	-0.841164	0.447349	0.98231	0.952776	-0.775588	0.5378	-0.344417	0.967833	-0.966889	-0.877006	
451	-0.860254	0.316772	0.953517	0.952783	-0.651134	0.408879	-0.0691745	0.965563	-0.948034	-0.729952	
452	-0.879308	0.153059	0.865123	0.952788	-0.45107	0.240419	0.253529	0.962798	-0.913963	-0.410903	
453	-0.889193	0.0536959	0.758158	0.952792	-0.307325	0.135036	0.421228	0.9611	-0.885386	-0.15098	
454	-0.892678	0.0163182	0.702478	0.952794	-0.249491	0.094866	0.477647	0.96045	-0.872624	-0.0461633	
455	-0.893736	0.00474418	0.683239	0.952797	-0.231217	0.0823737	0.494361	0.960248	-0.868419	-0.0134287	
456	-0.894045	0.00136699	0.677441	0.952798	-0.225855	0.0787244	0.499173	0.96019	-0.867169	-0.00386953	
457	-0.894135	0.000394923	0.675758	0.952799	-0.22431	0.0776739	0.500554	0.960174	-0.866809	-0.00111791	
458	-0.894162	0.000114888	0.675274	0.9528	-0.223865	0.0773715	0.500953	0.96017	-0.866706	-0.000325213	
459	-0.89417	3.37297e-05	0.675134	0.952801	-0.223737	0.0772841	0.501069	0.960169	-0.866677	-9.54788e-05	
460	-0.894174	1.00097e-05	0.675095	0.952801	-0.2237	0.0772587	0.501104	0.960169	-0.86667	-2.83346e-05	
461	-0.894175	3.00691e-06	0.675084	0.952802	-0.223689	0.0772513	0.501115	0.960169	-0.866668	-8.51167e-06	
462	-0.894176	9.15579e-07	0.675081	0.952802	-0.223686	0.0772492	0.501119	0.96017	-0.866668	-2.59173e-06	
463	-0.894176	2.82959e-07	0.67508	0.952803	-0.223686	0.0772486	0.50112	0.96017	-0.866668	-8.00972e-07	
464	-0.894177	8.88734e-08	0.675081	0.952803	-0.223686	0.0772485	0.501121	0.96017	-0.866668	-2.51574e-07	
465	-0.894177	2.84053e-08	0.675081	0.952803	-0.223686	0.0772485	0.501122	0.96017	-0.866669	-8.04069e-08	
466	-0.894177	9.25033e-09	0.675081	0.952803	-0.223686	0.0772486	0.501122	0.96017	-0.866669	-2.61849e-08	
467	-0.894177	3.07316e-09	0.675081	0.952803	-0.223686	0.0772486	0.501122	0.96017	-0.866669	-8.69921e-09	
468	-0.894177	1.04284e-09	0.675082	0.952803	-0.223686	0.0772487	0.501122	0.96017	-0.866669	-2.95197e-09	
469	-0.894177	3.61888e-10	0.675082	0.952803	-0.223686	0.0772487	0.501123	0.96017	-0.866669	-1.0244e-09	
470	-0.894178	1.28577e-10	0.675082	0.952803	-0.223686	0.0772487	0.501123	0.96017	-0.866669	-3.63964e-10	
471	-0.894178	4.68263e-11	0.675082	0.952803	-0.223686	0.0772487	0.501123	0.960171	-0.866669	-1.32551e-10	
472	-0.894178	1.75e-11	0.675082	0.952803	-0.223686	0.0772487	0.501123	0.960171	-0.866669	-4.95373e-11	
473	-0.894178	6.71863e-12	0.675082	0.952803	-0.223686	0.0772487	0.501123	0.960171	-0.866669	-1.90186e-11	
474	-0.894178	2.65277e-12	0.675082	0.952803	-0.223686	0.0772487	0.501123	0.960171	-0.866669	-7.50888e-12	
475	-0.894178	1.07825e-12	0.675082	0.952803	-0.223686	0.0772487	0.501123	0.960171	-0.866669	-3.052e-12	
476	-0.894178	4.51639e-13	0.675082	0.952803	-0.223686	0.0772487	0.501123	0.96017	-0.866669	-1.27831e-12	
477	-0.894178	1.95177e-13	0.675082	0.952803	-0.223686	0.0772487	0.501123	0.96017	-0.866669	-5.52225e-13	
478	-0.894177	8.70415e-14	0.675082	0.952803	-0.223686	0.0772487	0.501123	0.96017	-0.866669	-2.4647e-13	
479	-0.894177	4.01901e-14	0.675082	0.952803	-0.223686	0.0772486	0.501122	0.96017	-0.866669	-1.13687e-13	
480	-0.894177	1.90958e-14	0.675081	0.952803	-0.223686	0.0772486	0.501122	0.96017	-0.866669	-5.41789e-14	
481	-0.894177	9.54792e-15	0.675081	0.952803	-0.223686	0.0772485	0.501122	0.96017	-0.866669	-2.66454e-14	
482	-0.894177	4.88498e-15	0.675081	0.952803	-0.223686	0.0772485	0.501122	0.96017	-0.866668	-1.37668e-14	
483	-0.894176	2.66454e-15	0.67508	0.952803	-0.223685	0.0772484	0.501121	0.96017	-0.866668	-7.10543e-15	
484	-0.894176	1.33227e-15	0.67508	0.952802	-0.223685	0.0772483	0.501121	0.96017	-0.866668	-3.9968e-15	
485	-0.894176	8.88178e-16	0.675079	0.952802	-0.223685	0.0772482	0.50112	0.960169	-0.866667	-2.22045e-15	
486	-0.894175	4.44089e-16	0.675078	0.952802	-0.223684	0.077248	0.501119	0.960169	-0.866666	-1.33227e-15	
487	-0.894174	2.22045e-16	0.675077	0.952801	-0.223684	0.0772478	0.501118	0.960169	-0.866665	-8.88178e-16	
488	-0.894173	2.22045e-16	0.675075	0.952801	-0.223683	0.0772475	0.501116	0.960168	-0.866664	-4.44089e-16	
489	-0.894172	2.22045e-16	0.675073	0.9528	-0.223682	0.0772472	0.501114	0.960167	-0.866663	-4.44089e-16	
490	-0.89417	2.22045e-16	0.67507	0.952799	-0.223681	0.0772467	0.501112	0.960167	-0.866661	-2.22045e-16	
491	-0.894168	0	0.675067	0.952798	-0.223679	0.0772461	0.501109	0.960165	-0.866658	-2.22045e-16	
492	-0.894165	0	0.675063	0.952796	-0.223677	0.0772453	0.501105	0.960164	-0.866655	0	
493	-0.894161	0	0.675057	0.952794	-0.223674	0.0772443	0.501099	0.960162	-0.866651	0	
494	-0.894156	0	0.675048	0.95279	-0.22367	0.0772429	0.501092	0.960159	-0.866645	0	
495	-0.894149	0	0.675038	0.952786	-0.223665	0.0772411	0.501082	0.960155	-0.866637	0	
496	-0.894139	0	0.675023	0.952781	-0.223658	0.0772385	0.501068	0.96015	-0.866626	0	
497	-0.894126	0	0.675003	0.952773	-0.223648	0.077235	0.501049	0.960143	-0.866611	0	
498	-0.894108	0	0.674975	0.952762	-0.223634	0.0772302	0.501024	0.960134	-0.86659	0	
499	-0.894083	0	0.674936	0.952747	-0.223616	0.0772235	0.500988	0.960121	-0.866562	0	
