0	0	0.728345	-0.263407	0.753381	0.144505	-0.717064	-0.446833	-0.62365	-0.396745	0.0351003	
1	0	0.784531	-0.298809	0.807742	0.164748	-0.773934	-0.499957	-0.68322	-0.445927	0.0400976	
2	0	0.828557	-0.332011	0.849557	0.184034	-0.818846	-0.547611	-0.732937	-0.490704	0.0448889	
3	0	0.861741	-0.361901	0.880526	0.201685	-0.85295	-0.588602	-0.772754	-0.529802	0.0493027	
4	0	0.88613	-0.387846	0.902931	0.217256	-0.878186	-0.622652	-0.803685	-0.56275	0.0532222	
5	0	0.903813	-0.40968	0.918954	0.23056	-0.89659	-0.650171	-0.827227	-0.58973	0.0565918	
6	0	0.916572	-0.427594	0.930382	0.241624	-0.909936	-0.671958	-0.844925	-0.611337	0.0594097	
7	0	0.925787	-0.441998	0.938558	0.250625	-0.919613	-0.688952	-0.858147	-0.628355	0.0617133	
8	0	0.93247	-0.453401	0.944442	0.257822	-0.926655	-0.702072	-0.868002	-0.641599	0.0635626	
9	0	0.937345	-0.462325	0.948709	0.263499	-0.931805	-0.712132	-0.875348	-0.651821	0.0650263	
10	0	0.940925	-0.469252	0.951827	0.267934	-0.935594	-0.719814	-0.880835	-0.659666	0.0661727	
11	0	0.943569	-0.474596	0.954122	0.271373	-0.938398	-0.725667	-0.884943	-0.665667	0.0670637	
12	0	0.945535	-0.478705	0.955823	0.274028	-0.940485	-0.730121	-0.888028	-0.670249	0.0677527	
13	0	0.947005	-0.481858	0.957092	0.276072	-0.942046	-0.733513	-0.890352	-0.673746	0.0682836	
14	0	0.948109	-0.484275	0.958044	0.277642	-0.94322	-0.736098	-0.892109	-0.676416	0.0686921	
15	0	0.948943	-0.486129	0.958763	0.278849	-0.944108	-0.738071	-0.893443	-0.678458	0.0690062	
16	0	0.949576	-0.487552	0.959307	0.279777	-0.944781	-0.739581	-0.894458	-0.680021	0.0692479	
17	0	0.950058	-0.488647	0.959721	0.280491	-0.945295	-0.740739	-0.895234	-0.681222	0.0694341	
18	0	0.950428	-0.489491	0.960039	0.281043	-0.945688	-0.741631	-0.89583	-0.682147	0.0695779	
19	0	0.950712	-0.490144	0.960283	0.28147	-0.945991	-0.742319	-0.896288	-0.682861	0.0696892	
20	0	0.950931	-0.490651	0.960471	0.281801	-0.946225	-0.742852	-0.896643	-0.683414	0.0697756	
21	0	0.951102	-0.491046	0.960617	0.282059	-0.946406	-0.743267	-0.896919	-0.683845	0.0698429	
22	0	0.951234	-0.491354	0.960731	0.282261	-0.946547	-0.743591	-0.897134	-0.684181	0.0698955	
23	0	0.951338	-0.491596	0.96082	0.282419	-0.946658	-0.743845	-0.897303	-0.684445	0.0699368	
24	0	0.95142	-0.491786	0.96089	0.282544	-0.946745	-0.744045	-0.897435	-0.684653	0.0699694	
25	0	0.951485	-0.491937	0.960946	0.282643	-0.946814	-0.744203	-0.89754	-0.684818	0.0699952	
26	0	0.951536	-0.492057	0.96099	0.282721	-0.946869	-0.744329	-0.897624	-0.684949	0.0700157	
27	0	0.951577	-0.492153	0.961025	0.282784	-0.946913	-0.74443	-0.89769	-0.685053	0.0700321	
28	0	0.95161	-0.49223	0.961053	0.282834	-0.946948	-0.74451	-0.897744	-0.685137	0.0700452	
29	0	0.951637	-0.492292	0.961076	0.282875	-0.946976	-0.744575	-0.897787	-0.685204	0.0700558	
30	0	0.951658	-0.492342	0.961094	0.282908	-0.946999	-0.744628	-0.897821	-0.685259	0.0700644	
31	0	0.951676	-0.492383	0.961109	0.282935	-0.947018	-0.744671	-0.89785	-0.685304	0.0700714	
32	0	0.95169	-0.492416	0.961121	0.282956	-0.947033	-0.744705	-0.897873	-0.68534	0.0700771	
33	0	0.951701	-0.492444	0.961131	0.282974	-0.947045	-0.744734	-0.897892	-0.68537	0.0700818	
34	0	0.951711	-0.492466	0.96114	0.282989	-0.947055	-0.744758	-0.897907	-0.685394	0.0700856	
35	0	0.951719	-0.492485	0.961146	0.283001	-0.947064	-0.744777	-0.89792	-0.685414	0.0700887	
36	0	0.951725	-0.4925	0.961152	0.283011	-0.947071	-0.744793	-0.897931	-0.685431	0.0700913	
37	0	0.951731	-0.492513	0.961157	0.283019	-0.947076	-0.744806	-0.897939	-0.685445	0.0700934	
38	0	0.951735	-0.492523	0.96116	0.283026	-0.947081	-0.744817	-0.897947	-0.685456	0.0700951	
39	0	0.951739	-0.492532	0.961164	0.283032	-0.947085	-0.744826	-0.897953	-0.685465	0.0700964	
40	0	0.951742	-0.492539	0.961166	0.283037	-0.947088	-0.744833	-0.897958	-0.685473	0.0700972	
41	0	0.951744	-0.492546	0.961168	0.283041	-0.947091	-0.744839	-0.897962	-0.685479	0.0700973	
42	0	0.951746	-0.492552	0.96117	0.283044	-0.947092	-0.744843	-0.897965	-0.685484	0.0700961	
43	0	0.951748	-0.492559	0.961172	0.283047	-0.947093	-0.744845	-0.897967	-0.685487	0.0700924	
44	0	0.951749	-0.49257	0.961174	0.28305	-0.947093	-0.744843	-0.89797	-0.685489	0.070083	
45	0	0.95175	-0.492589	0.961176	0.283053	-0.94709	-0.744836	-0.897972	-0.685487	0.070061	
46	0	0.95175	-0.492631	0.96118	0.28306	-0.947082	-0.744815	-0.897974	-0.68548	0.07001	
47	0	0.951751	-0.492726	0.961189	0.283074	-0.947061	-0.744764	-0.897977	-0.685462	0.0698917	
48	0	0.951751	-0.492945	0.961209	0.283105	-0.947013	-0.744644	-0.897985	-0.685417	0.0696154	
49	0	0.95175	-0.49346	0.961257	0.283178	-0.9469	-0.744362	-0.898002	-0.685312	0.0689661	
50	0	0.951749	-0.494675	0.961369	0.28335	-0.946631	-0.743696	-0.898043	-0.685065	0.0674325	
51	0	0.951748	-0.497546	0.961634	0.283759	-0.945991	-0.742113	-0.898142	-0.684482	0.0638005	
52	0	0.951747	-0.504281	0.962253	0.284725	-0.94445	-0.738348	-0.898377	-0.683103	0.0552216	
53	0	0.951745	-0.519716	0.963656	0.286974	-0.940703	-0.729412	-0.898923	-0.679881	0.0352379	
54	0	0.951743	-0.553018	0.966611	0.291991	-0.931421	-0.708511	-0.900136	-0.672587	-0.00951149	
55	0	0.95174	-0.615765	0.971929	0.302183	-0.90796	-0.661727	-0.902572	-0.657297	-0.10051	
56	0	0.951736	-0.706745	0.979128	0.319378	-0.84965	-0.568656	-0.906592	-0.629972	-0.250894	
57	0	0.951732	-0.795832	0.985697	0.340927	-0.727492	-0.425579	-0.911474	-0.592862	-0.42517	
58	0	0.951727	-0.853877	0.989779	0.359745	-0.557578	-0.277543	-0.915598	-0.55768	-0.557552	
59	0	0.951721	-0.882666	0.991762	0.371655	-0.414257	-0.174541	-0.918141	-0.533993	-0.630148	
60	0	0.951713	-0.895331	0.992628	0.377737	-0.33066	-0.119774	-0.919416	-0.521439	-0.663785	
61	0	0.951704	-0.900688	0.992993	0.380503	-0.290403	-0.0943926	-0.919987	-0.515592	-0.678357	
62	0	0.951693	-0.902927	0.993145	0.381691	-0.272523	-0.0832949	-0.920224	-0.513014	-0.684524	
63	0	0.951679	-0.903859	0.993207	0.382184	-0.264781	-0.0785234	-0.920313	-0.511884	-0.687118	
64	0	0.951663	-0.904244	0.993231	0.382376	-0.261395	-0.0764471	-0.920337	-0.511367	-0.688211	
65	0	0.951642	-0.904399	0.99324	0.382438	-0.259833	-0.0754958	-0.92033	-0.511101	-0.688675	
66	0	0.951617	-0.904456	0.993241	0.382442	-0.259011	-0.0750015	-0.920306	-0.51093	-0.688875	
67	0	0.951586	-0.904468	0.993238	0.382414	-0.258462	-0.0746785	-0.920269	-0.510784	-0.688965	
68	0	0.951547	-0.90446	0.993233	0.382366	-0.257982	-0.0744006	-0.920221	-0.510631	-0.689009	
69	0	0.951499	-0.904438	0.993226	0.3823	-0.257468	-0.0741068	-0.92016	-0.510452	-0.689035	
70	0	0.951438	-0.904406	0.993217	0.382215	-0.256861	-0.073761	-0.920082	-0.510233	-0.689055	
71	0	0.951361	-0.904364	0.993206	0.382106	-0.256111	-0.0733349	-0.919983	-0.509959	-0.689074	
72	0	0.951263	-0.90431	0.993191	0.381968	-0.255168	-0.0727996	-0.919858	-0.509612	-0.689096	
73	0	0.951138	-0.90424	0.993172	0.381792	-0.253971	-0.0721203	-0.919698	-0.509171	-0.689123	
74	0	0.950978	-0.904151	0.993148	0.381567	-0.252441	-0.0712533	-0.919494	-0.508607	-0.689156	
75	0	0.950772	-0.904037	0.993116	0.381278	-0.250478	-0.0701416	-0.919231	-0.507883	-0.689199	
76	0	0.950505	-0.903889	0.993076	0.380906	-0.24795	-0.0687109	-0.918892	-0.506951	-0.689254	
77	0	0.950159	-0.903699	0.993024	0.380425	-0.24468	-0.0668636	-0.918451	-0.505746	-0.689326	
78	0	0.949708	-0.903451	0.992955	0.379803	-0.24044	-0.0644718	-0.917878	-0.504184	-0.689418	
79	0	0.949116	-0.903129	0.992865	0.378996	-0.234926	-0.0613679	-0.917129	-0.502151	-0.689537	
80	0	0.948338	-0.90271	0.992747	0.377946	-0.227739	-0.0573333	-0.916145	-0.499503	-0.689692	
81	0	0.947308	-0.902161	0.99259	0.376579	-0.218357	-0.0520844	-0.914849	-0.496045	-0.689894	
82	0	0.94594	-0.901444	0.992381	0.374799	-0.2061	-0.0452566	-0.913136	-0.491526	-0.690156	
83	0	0.944111	-0.900506	0.992101	0.372485	-0.190091	-0.0363864	-0.910863	-0.485619	-0.690495	
84	0	0.941655	-0.899278	0.991723	0.369483	-0.169218	-0.0248958	-0.907837	-0.477907	-0.690935	
85	0	0.938337	-0.897675	0.991209	0.365603	-0.142104	-0.0100825	-0.903793	-0.467862	-0.6915	
86	0	0.933823	-0.89559	0.990506	0.360621	-0.107107	0.00887418	-0.898374	-0.454832	-0.692222	
87	0	0.927646	-0.89289	0.989534	0.354281	-0.0623998	0.0328779	-0.891094	-0.438042	-0.693134	
88	0	0.919141	-0.889423	0.988178	0.346307	-0.00617357	0.062831	-0.8813	-0.416614	-0.694272	
89	0	0.907373	-0.885016	0.98627	0.33644	0.0629412	0.0994814	-0.868135	-0.389635	-0.695665	
90	0	0.891061	-0.879498	0.983567	0.324474	0.145212	0.143196	-0.850508	-0.356282	-0.697334	
91	0	0.868519	-0.872721	0.979725	0.310326	0.239008	0.193685	-0.827122	-0.316034	-0.69928	
92	0	0.837716	-0.864597	0.974277	0.294097	0.340253	0.249769	-0.796601	-0.268933	-0.701475	
93	0	0.796543	-0.855148	0.966644	0.276123	0.442703	0.309324	-0.757776	-0.215828	-0.703865	
94	0	0.743419	-0.844543	0.9562	0.256983	0.539355	0.36952	-0.710143	-0.158491	-0.706365	
95	0	0.678165	-0.833108	0.942419	0.237435	0.624433	0.427348	-0.654363	-0.0994487	-0.708874	
96	0	0.602739	-0.821304	0.925098	0.218308	0.69483	0.480242	-0.592526	-0.0415552	-0.711287	
97	0	0.521267	-0.809648	0.90456	0.200357	0.750259	0.52652	-0.527913	0.0125763	-0.713518	
98	0	0.439097	-0.79863	0.881703	0.184155	0.792376	0.565511	-0.464268	0.061034	-0.715505	
99	0	0.361331	-0.788627	0.85784	0.170032	0.823666	0.59738	-0.404906	0.102803	-0.717218	
100	0	0.291652	-0.779868	0.834378	0.158087	0.846639	0.62283	-0.352105	0.137698	-0.718654	
101	0	0.231922	-0.772432	0.812511	0.148233	0.863433	0.642811	-0.306937	0.166131	-0.719829	
102	0	0.18243	-0.766277	0.793031	0.140267	0.875715	0.65831	-0.269473	0.188859	-0.720773	
103	0	0.142441	-0.761287	0.776304	0.133927	0.884726	0.670236	-0.23912	0.206768	-0.721522	
104	0	0.110706	-0.757305	0.762354	0.128942	0.891368	0.679363	-0.214953	0.220733	-0.722108	
105	0	0.0858358	-0.754164	0.750976	0.125055	0.896288	0.686328	-0.195949	0.231545	-0.722564	
106	0	0.0665073	-0.751709	0.74185	0.122044	0.899951	0.691634	-0.181135	0.239876	-0.722916	
107	0	0.0515656	-0.749801	0.734618	0.11972	0.902692	0.695677	-0.169653	0.246278	-0.723188	
108	0	0.0400501	-0.748325	0.728936	0.11793	0.904753	0.698758	-0.160785	0.251189	-0.723397	
109	0	0.0311868	-0.747184	0.724497	0.116553	0.90631	0.70111	-0.153947	0.254958	-0.723557	
110	0	0.0243649	-0.746303	0.721041	0.115494	0.907491	0.702909	-0.148677	0.257852	-0.723681	
111	0	0.0191092	-0.745623	0.718354	0.114678	0.908391	0.704289	-0.144612	0.260078	-0.723776	
112	0	0.015053	-0.745097	0.716266	0.114048	0.90908	0.70535	-0.141472	0.261794	-0.723849	
113	0	0.0119149	-0.74469	0.714642	0.113561	0.909609	0.706169	-0.139041	0.263119	-0.723906	
114	0	0.00948025	-0.744374	0.713377	0.113183	0.910018	0.706802	-0.137154	0.264147	-0.72395	
115	0	0.00758507	-0.744127	0.712388	0.112888	0.910335	0.707295	-0.135684	0.264947	-0.723984	
116	0	0.0061045	-0.743934	0.711615	0.112659	0.910582	0.707679	-0.134536	0.265572	-0.724011	
117	0	0.00494333	-0.743783	0.711007	0.112478	0.910775	0.70798	-0.133635	0.266061	-0.724032	
118	0	0.00402892	-0.743664	0.710527	0.112336	0.910927	0.708217	-0.132925	0.266447	-0.724048	
119	0	0.00330573	-0.74357	0.710147	0.112224	0.911047	0.708404	-0.132364	0.266752	-0.724061	
120	0	0.00273126	-0.743495	0.709845	0.112135	0.911142	0.708553	-0.131918	0.266994	-0.724072	
121	0	0.00227288	-0.743435	0.709604	0.112063	0.911218	0.708671	-0.131562	0.267187	-0.72408	
122	0	0.00190547	-0.743387	0.709411	0.112006	0.911278	0.708767	-0.131277	0.267342	-0.724087	
123	0	0.00160964	-0.743348	0.709255	0.11196	0.911327	0.708843	-0.131047	0.267466	-0.724092	
124	0	0.00137038	-0.743317	0.709129	0.111923	0.911367	0.708905	-0.130862	0.267567	-0.724096	
125	0	0.00117604	-0.743292	0.709026	0.111893	0.911399	0.708955	-0.130711	0.267649	-0.7241	
126	0	0.00101752	-0.743271	0.708943	0.111868	0.911425	0.708996	-0.130588	0.267716	-0.724103	
127	0	0.000887729	-0.743254	0.708874	0.111848	0.911446	0.70903	-0.130487	0.26777	-0.724105	
128	0	0.000781087	-0.74324	0.708818	0.111832	0.911464	0.709057	-0.130404	0.267815	-0.724107	
129	0	0.000693207	-0.743229	0.708772	0.111818	0.911478	0.70908	-0.130336	0.267852	-0.724108	
130	0	0.000620626	-0.743219	0.708733	0.111807	0.91149	0.709099	-0.130279	0.267883	-0.72411	
131	0	0.0005606	-0.743211	0.708702	0.111797	0.9115	0.709114	-0.130233	0.267908	-0.724111	
132	0	0.000510956	-0.743205	0.708675	0.11179	0.911508	0.709127	-0.130194	0.267929	-0.724112	
133	0	0.000469965	-0.7432	0.708654	0.111783	0.911515	0.709137	-0.130162	0.267946	-0.724112	
134	0	0.000436255	-0.743195	0.708636	0.111778	0.911521	0.709146	-0.130136	0.26796	-0.724113	
135	0	0.000408736	-0.743191	0.708621	0.111774	0.911525	0.709153	-0.130115	0.267972	-0.724113	
136	0	0.000386551	-0.743187	0.708608	0.11177	0.911528	0.709158	-0.130097	0.267981	-0.724113	
137	0	0.000369026	-0.743183	0.708597	0.111767	0.91153	0.70916	-0.130083	0.267987	-0.724111	
138	0	0.000355646	-0.743178	0.708586	0.111764	0.91153	0.70916	-0.130072	0.26799	-0.724108	
139	0	0.000346024	-0.743168	0.708573	0.11176	0.911526	0.709154	-0.130061	0.267989	-0.724099	
140	0	0.000339888	-0.743148	0.708549	0.111754	0.911515	0.709135	-0.130051	0.26798	-0.724079	
141	0	0.000337066	-0.743102	0.708501	0.111742	0.911488	0.709089	-0.130035	0.267955	-0.724033	
142	0	0.00033748	-0.742997	0.708394	0.111715	0.911425	0.708981	-0.130004	0.267892	-0.723926	
143	0	0.000341141	-0.74275	0.708142	0.111652	0.911274	0.708727	-0.129933	0.267743	-0.723675	
144	0	0.000348152	-0.742168	0.707546	0.111502	0.910918	0.708126	-0.129764	0.267394	-0.723082	
145	0	0.000358708	-0.740783	0.70613	0.111148	0.910071	0.7067	-0.12936	0.266569	-0.721673	
146	0	0.00037311	-0.737484	0.702753	0.110308	0.908041	0.703311	-0.128395	0.264621	-0.718319	
147	0	0.000391776	-0.729627	0.694723	0.108341	0.903125	0.695262	-0.126127	0.260064	-0.710344	
148	0	0.00041526	-0.71109	0.675864	0.103879	0.891052	0.676373	-0.12097	0.249706	-0.691584	
149	0	0.000444277	-0.668699	0.633176	0.0944854	0.860936	0.633623	-0.110096	0.227765	-0.648938	
150	0	0.000479742	-0.58012	0.545654	0.0775409	0.786794	0.545955	-0.0904533	0.18772	-0.560787	
151	0	0.00052281	-0.431418	0.402497	0.0540987	0.629297	0.402497	-0.0632449	0.131479	-0.414977	
152	0	0.000574938	-0.26042	0.24168	0.0312916	0.402845	0.241274	-0.0367559	0.0760668	-0.249526	
153	0	0.000637958	-0.13139	0.121908	0.0155609	0.208123	0.121148	-0.0184937	0.0375779	-0.125599	
154	0	0.000714179	-0.0597833	0.0557682	0.0071006	0.0947611	0.05475	-0.00869588	0.0167975	-0.056991	
155	0	0.000806511	-0.0260285	0.0246692	0.00314957	0.0406037	0.0234422	-0.00415448	0.00704032	-0.0246535	
156	0	0.000918634	-0.0112358	0.0111	0.0014296	0.0167094	0.00966874	-0.00222115	0.00273199	-0.0104613	
157	0	0.00105521	-0.00495139	0.00540589	0.000710054	0.00642563	0.00374739	-0.00146678	0.000854347	-0.00440387	
158	0	0.00122217	-0.00232645	0.00311443	0.000423059	0.00197134	0.00118738	-0.00123418	1.10427e-05	-0.00183894	
159	0	0.00142709	-0.00125631	0.00228847	0.000322908	-4.19953e-05	3.57055e-05	-0.00124203	-0.000406297	-0.000749887	
160	0	0.00167963	-0.00085064	0.00211365	0.000306474	-0.00105746	-0.000538903	-0.00137621	-0.000658482	-0.000281618	
161	0	0.00199225	-0.000737233	0.00225617	0.000331679	-0.00169045	-0.000890569	-0.00159531	-0.000859048	-7.39948e-05	
162	0	0.00238096	-0.00076261	0.00258701	0.000382513	-0.00221043	-0.00117392	-0.00189042	-0.00106067	2.49354e-05	
163	0	0.00286648	-0.000866024	0.00306644	0.00045441	-0.0027448	-0.00146149	-0.0022688	-0.00129191	7.98741e-05	
164	0	0.00347565	-0.00102694	0.00369675	0.000548271	-0.00336524	-0.00179348	-0.00274781	-0.00157311	0.000118985	
165	0	0.00424341	-0.00124341	0.00450376	0.000668166	-0.00412527	-0.00219925	-0.00335337	-0.00192358	0.000155202	
166	0	0.00521526	-0.00152347	0.00553089	0.000820644	-0.00507762	-0.0027073	-0.00412075	-0.00236549	0.000195256	
167	0	0.00645068	-0.0018822	0.00683908	0.00101479	-0.00628392	-0.00335064	-0.00509661	-0.00292647	0.000243583	
168	0	0.00802753	-0.00234131	0.00850994	0.00126275	-0.00782163	-0.00417065	-0.00634235	-0.00364215	0.000304093	
169	0	0.0100479	-0.00293013	0.0106512	0.00158052	-0.00979093	-0.0052208	-0.00793855	-0.00455898	0.000381086	
170	0	0.0126456	-0.00368751	0.0134048	0.00198916	-0.0123226	-0.00657088	-0.009991	-0.00573781	0.000479839	
171	0	0.0159965	-0.00466466	0.0169566	0.00251631	-0.0155881	-0.00831233	-0.0126386	-0.00725843	0.000607113	
172	0	0.0203308	-0.00592878	0.0215508	0.00319826	-0.0198118	-0.010565	-0.0160633	-0.0092255	0.000771703	
173	0	0.0259495	-0.00756788	0.0275064	0.0040825	-0.0252874	-0.0134857	-0.0205033	-0.011776	0.00098509	
174	0	0.0332451	-0.00969681	0.035239	0.005231	-0.032397	-0.017279	-0.0262691	-0.0150884	0.00126224	
175	0	0.0427248	-0.0124646	0.045286	0.00672418	-0.0416355	-0.0222099	-0.0337628	-0.0193946	0.00162256	
176	0	0.0550388	-0.0160629	0.0583352	0.0086656	-0.0536365	-0.0286196	-0.0435003	-0.0249923	0.00209105	
177	0	0.0710069	-0.020736	0.0752535	0.011187	-0.0692002	-0.036941	-0.056135	-0.0322605	0.00269953	
178	0	0.0916401	-0.026789	0.0971072	0.0144536	-0.0893134	-0.0477145	-0.0724773	-0.0416719	0.00348787	
179	0	0.118141	-0.0345952	0.12516	0.0186674	-0.115152	-0.0615968	-0.0935023	-0.0538027	0.00450493	
180	0	0.151863	-0.0445954	0.160825	0.024068	-0.148044	-0.0793567	-0.12033	-0.0693291	0.00580865	
181	0	0.194184	-0.0572853	0.205518	0.0309262	-0.189348	-0.101843	-0.154151	-0.0890027	0.00746471	
182	0	0.246265	-0.0731811	0.260388	0.0395272	-0.240226	-0.129908	-0.196074	-0.113588	0.00954256	
183	0	0.30863	-0.092755	0.325852	0.0501383	-0.301244	-0.164269	-0.246847	-0.143749	0.0121079	
184	0	0.380634	-0.116336	0.401016	0.0629587	-0.371852	-0.205299	-0.30648	-0.179874	0.0152108	
185	0	0.459952	-0.14398	0.48316	0.0780535	-0.449886	-0.252775	-0.37382	-0.221862	0.0188704	
186	0	0.542465	-0.175344	0.567696	0.0952861	-0.531426	-0.305645	-0.446301	-0.268921	0.0230583	
187	0	0.622871	-0.209606	0.64895	0.114271	-0.611339	-0.361967	-0.52011	-0.319484	0.0276872	
188	0	0.696003	-0.245495	0.721659	0.134374	-0.684517	-0.419104	-0.590907	-0.37134	0.03261	
189	0	0.758237	-0.281455	0.782429	0.154786	-0.747264	-0.474202	-0.654871	-0.421995	0.0376346	
190	0	0.808204	-0.315913	0.83032	0.174644	-0.79804	-0.524777	-0.709566	-0.469164	0.0425521	
191	0	0.84653	-0.347554	0.866395	0.193176	-0.837288	-0.569158	-0.754214	-0.511183	0.0471713	
192	0	0.875007	-0.375502	0.892754	0.209817	-0.866657	-0.606633	-0.789379	-0.547192	0.0513466	
193	0	0.895767	-0.399369	0.911688	0.224253	-0.888204	-0.637306	-0.816385	-0.577076	0.0549919	
194	0	0.910769	-0.419184	0.925199	0.236413	-0.903859	-0.66182	-0.836794	-0.601254	0.0580806	
195	0	0.921592	-0.435268	0.934845	0.246408	-0.915204	-0.68107	-0.852079	-0.620443	0.0606326	
196	0	0.929423	-0.448092	0.941765	0.254464	-0.923442	-0.696	-0.86348	-0.635458	0.0626987	
197	0	0.935119	-0.458181	0.946763	0.260858	-0.929452	-0.707483	-0.871976	-0.64709	0.0643447	
198	0	0.939287	-0.466041	0.950402	0.265875	-0.93386	-0.716267	-0.878315	-0.656039	0.0656402	
199	0	0.942357	-0.472122	0.953071	0.269779	-0.937112	-0.722965	-0.883055	-0.662894	0.0666505	
200	0	0.944633	-0.476804	0.955043	0.272799	-0.939527	-0.728066	-0.886608	-0.668133	0.0674335	
201	0	0.946329	-0.4804	0.956509	0.275126	-0.941328	-0.731948	-0.889282	-0.672131	0.0680378	
202	0	0.947601	-0.483157	0.957606	0.276915	-0.94268	-0.734904	-0.891299	-0.675183	0.0685031	
203	0	0.948559	-0.485271	0.958432	0.27829	-0.943699	-0.73716	-0.892828	-0.677514	0.0688608	
204	0	0.949284	-0.486893	0.959056	0.279347	-0.94447	-0.738883	-0.893989	-0.679298	0.069136	
205	0	0.949836	-0.48814	0.95953	0.28016	-0.945057	-0.740204	-0.894875	-0.680666	0.0693479	
206	0	0.950257	-0.4891	0.959892	0.280787	-0.945506	-0.741218	-0.895554	-0.681718	0.0695113	
207	0	0.95058	-0.489842	0.96017	0.281272	-0.945851	-0.742	-0.896076	-0.68253	0.0696376	
208	0	0.95083	-0.490416	0.960384	0.281647	-0.946116	-0.742605	-0.896479	-0.683157	0.0697355	
209	0	0.951023	-0.490862	0.960549	0.281939	-0.946322	-0.743074	-0.896791	-0.683645	0.0698116	
210	0	0.951173	-0.49121	0.960678	0.282167	-0.946482	-0.74344	-0.897034	-0.684025	0.069871	
211	0	0.95129	-0.491483	0.960779	0.282345	-0.946607	-0.743727	-0.897224	-0.684322	0.0699176	
212	0	0.951382	-0.491698	0.960858	0.282486	-0.946705	-0.743952	-0.897373	-0.684556	0.0699542	
213	0	0.951455	-0.491867	0.96092	0.282597	-0.946782	-0.744129	-0.897491	-0.684741	0.0699832	
214	0	0.951512	-0.492001	0.960969	0.282685	-0.946844	-0.74427	-0.897585	-0.684888	0.0700061	
215	0	0.951558	-0.492108	0.961009	0.282755	-0.946892	-0.744383	-0.897659	-0.685004	0.0700244	
216	0	0.951595	-0.492194	0.96104	0.282811	-0.946932	-0.744472	-0.897719	-0.685098	0.0700391	
217	0	0.951624	-0.492263	0.961065	0.282856	-0.946963	-0.744545	-0.897766	-0.685173	0.0700509	
218	0	0.951648	-0.492319	0.961086	0.282892	-0.946988	-0.744603	-0.897805	-0.685233	0.0700604	
219	0	0.951667	-0.492364	0.961102	0.282922	-0.947009	-0.74465	-0.897836	-0.685283	0.0700681	
220	0	0.951683	-0.492401	0.961116	0.282946	-0.947026	-0.744689	-0.897862	-0.685323	0.0700744	
221	0	0.951696	-0.492431	0.961127	0.282966	-0.947039	-0.744721	-0.897883	-0.685356	0.0700796	
222	0	0.951706	-0.492456	0.961136	0.282982	-0.947051	-0.744746	-0.8979	-0.685382	0.0700838	
223	0	0.951715	-0.492476	0.961143	0.282995	-0.94706	-0.744768	-0.897914	-0.685405	0.0700873	
224	0	0.951722	-0.492493	0.961149	0.283006	-0.947067	-0.744785	-0.897926	-0.685423	0.0700901	
225	0	0.951728	-0.492507	0.961154	0.283016	-0.947074	-0.7448	-0.897935	-0.685438	0.0700925	
226	0	0.951733	-0.492518	0.961159	0.283023	-0.947079	-0.744812	-0.897943	-0.685451	0.0700944	
227	0	0.951737	-0.492528	0.961162	0.283029	-0.947083	-0.744822	-0.89795	-0.685461	0.0700958	
228	0	0.951741	-0.492536	0.961165	0.283034	-0.947087	-0.74483	-0.897955	-0.685469	0.0700969	
229	0	0.951743	-0.492543	0.961167	0.283039	-0.94709	-0.744836	-0.89796	-0.685476	0.0700974	
230	0	0.951745	-0.492549	0.961169	0.283042	-0.947092	-0.744841	-0.897963	-0.685482	0.0700969	
231	0	0.951747	-0.492555	0.961171	0.283045	-0.947093	-0.744844	-0.897966	-0.685486	0.0700947	
232	0	0.951749	-0.492564	0.961173	0.283048	-0.947093	-0.744845	-0.897969	-0.685488	0.0700886	
233	0	0.95175	-0.492578	0.961175	0.283051	-0.947092	-0.744841	-0.897971	-0.685488	0.0700742	
234	0	0.95175	-0.492606	0.961178	0.283056	-0.947087	-0.744828	-0.897973	-0.685485	0.0700406	
235	0	0.951751	-0.492669	0.961184	0.283066	-0.947073	-0.744795	-0.897975	-0.685473	0.0699627	
236	0	0.951751	-0.492814	0.961197	0.283086	-0.947042	-0.744716	-0.89798	-0.685444	0.0697813	
237	0	0.95175	-0.493151	0.961228	0.283134	-0.946968	-0.744532	-0.897992	-0.685375	0.0693565	
238	0	0.95175	-0.493944	0.961302	0.283246	-0.946793	-0.744097	-0.898019	-0.685214	0.0683553	
239	0	0.951749	-0.495819	0.961475	0.283513	-0.946377	-0.743066	-0.898083	-0.684833	0.0659863	
240	0	0.951748	-0.50024	0.961882	0.284144	-0.945381	-0.740616	-0.898236	-0.683932	0.0603784	
241	0	0.951746	-0.510521	0.962823	0.285629	-0.942973	-0.734788	-0.898596	-0.681811	0.047198	
242	0	0.951744	-0.533524	0.964893	0.289026	-0.937067	-0.721029	-0.89942	-0.676916	0.0169611	
243	0	0.951741	-0.580467	0.968976	0.296319	-0.922279	-0.689373	-0.901175	-0.666174	-0.0481862	
244	0	0.951738	-0.6594	0.975451	0.309996	-0.884836	-0.621709	-0.904413	-0.645124	-0.169631	
245	0	0.951734	-0.754423	0.982695	0.330117	-0.797004	-0.501049	-0.909047	-0.611889	-0.340322	
246	0	0.95173	-0.829493	0.98808	0.351172	-0.643333	-0.347454	-0.913735	-0.574039	-0.499835	
247	0	0.951724	-0.871198	0.990975	0.366631	-0.478113	-0.218739	-0.917075	-0.544124	-0.600614	
248	0	0.951717	-0.890381	0.99229	0.375286	-0.365153	-0.142003	-0.918905	-0.52654	-0.650504	
249	0	0.951709	-0.898606	0.992852	0.379413	-0.306439	-0.104435	-0.919763	-0.51791	-0.672666	
250	0	0.951699	-0.902058	0.993086	0.381229	-0.279552	-0.0876448	-0.920133	-0.514028	-0.682124	
251	0	0.951686	-0.903498	0.993183	0.381994	-0.26782	-0.0803932	-0.920281	-0.51233	-0.686109	
252	0	0.951671	-0.904096	0.993222	0.382304	-0.262736	-0.077268	-0.92033	-0.511576	-0.687785	
253	0	0.951653	-0.90434	0.993237	0.382418	-0.260468	-0.0758814	-0.920336	-0.511214	-0.688493	
254	0	0.95163	-0.904435	0.993241	0.382445	-0.259364	-0.0752126	-0.920319	-0.511008	-0.688796	
255	0	0.951602	-0.904466	0.99324	0.38243	-0.258716	-0.0748273	-0.920289	-0.510855	-0.688929	
256	0	0.951568	-0.904466	0.993236	0.382392	-0.258219	-0.0745374	-0.920247	-0.510709	-0.688991	
257	0	0.951524	-0.90445	0.99323	0.382335	-0.257731	-0.074257	-0.920192	-0.510545	-0.689023	
258	0	0.95147	-0.904423	0.993222	0.38226	-0.257177	-0.0739406	-0.920123	-0.510348	-0.689045	
259	0	0.951401	-0.904386	0.993212	0.382163	-0.256504	-0.0735578	-0.920035	-0.510102	-0.689064	
260	0	0.951314	-0.904338	0.993199	0.382041	-0.255663	-0.0730805	-0.919924	-0.509794	-0.689084	
261	0	0.951203	-0.904277	0.993182	0.381884	-0.2546	-0.0724774	-0.919782	-0.509403	-0.689109	
262	0	0.951062	-0.904198	0.99316	0.381685	-0.253246	-0.0717096	-0.919602	-0.508904	-0.689139	
263	0	0.95088	-0.904097	0.993133	0.38143	-0.251513	-0.0707273	-0.91937	-0.508265	-0.689177	
264	0	0.950646	-0.903967	0.993097	0.381102	-0.249283	-0.0694653	-0.919071	-0.507443	-0.689225	
265	0	0.950342	-0.903799	0.993051	0.380679	-0.246406	-0.0678383	-0.918684	-0.506382	-0.689288	
266	0	0.949947	-0.903582	0.992991	0.380132	-0.24268	-0.0657346	-0.918181	-0.505009	-0.689369	
267	0	0.94943	-0.9033	0.992913	0.379422	-0.237841	-0.0630074	-0.917525	-0.503226	-0.689474	
268	0	0.948751	-0.902932	0.99281	0.378501	-0.23154	-0.0594651	-0.916666	-0.500903	-0.68961	
269	0	0.947855	-0.902451	0.992673	0.377301	-0.22332	-0.0548581	-0.915536	-0.497874	-0.689787	
270	0	0.946667	-0.901824	0.992492	0.37574	-0.212584	-0.0488641	-0.914045	-0.493916	-0.690017	
271	0	0.945084	-0.901002	0.99225	0.373708	-0.198557	-0.0410707	-0.91207	-0.488743	-0.690316	
272	0	0.942964	-0.899927	0.991925	0.371068	-0.18025	-0.0309586	-0.909445	-0.481985	-0.690703	
273	0	0.940107	-0.898523	0.991484	0.367649	-0.156418	-0.0178875	-0.905944	-0.473169	-0.691202	
274	0	0.936235	-0.896691	0.990882	0.363243	-0.125547	-0.00109326	-0.901258	-0.461708	-0.691842	
275	0	0.930952	-0.894314	0.990055	0.35761	-0.0858862	0.0202938	-0.894971	-0.446886	-0.692656	
276	0	0.923698	-0.891247	0.988907	0.35048	-0.0355795	0.047191	-0.886516	-0.42787	-0.693678	
277	0	0.913684	-0.887328	0.987297	0.341581	0.0270279	0.0804468	-0.875143	-0.403754	-0.694941	
278	0	0.899809	-0.882382	0.985025	0.330675	0.102846	0.120649	-0.859878	-0.373649	-0.696472	
279	0	0.880589	-0.876244	0.981798	0.317609	0.191282	0.167869	-0.839518	-0.336855	-0.698282	
280	0	0.854149	-0.868793	0.977211	0.302384	0.289501	0.221389	-0.812701	-0.293099	-0.700359	
281	0	0.818364	-0.859989	0.970739	0.285217	0.392226	0.279543	-0.778107	-0.242805	-0.702661	
282	0	0.771293	-0.849926	0.961765	0.266569	0.492596	0.339801	-0.734839	-0.18729	-0.705119	
283	0	0.711951	-0.838852	0.949689	0.247121	0.583984	0.399165	-0.682926	-0.128743	-0.707636	
284	0	0.641174	-0.827167	0.934118	0.227683	0.661856	0.454776	-0.623742	-0.0699254	-0.710109	
285	0	0.562073	-0.815373	0.915096	0.209065	0.72459	0.504478	-0.560045	-0.0136388	-0.71244	
286	0	0.479561	-0.803984	0.893244	0.191939	0.77302	0.547106	-0.49546	0.0378144	-0.714554	
287	0	0.399045	-0.793439	0.869701	0.176759	0.80935	0.582442	-0.433617	0.082969	-0.716404	
288	0	0.325013	-0.784045	0.845872	0.163736	0.836149	0.610964	-0.377357	0.12125	-0.717976	
289	0	0.260229	-0.775952	0.823088	0.152866	0.855767	0.63353	-0.328342	0.152806	-0.719277	
290	0	0.205705	-0.769173	0.802354	0.143995	0.870105	0.65113	-0.287102	0.178255	-0.720332	
291	0	0.161142	-0.763624	0.784241	0.136883	0.880606	0.664721	-0.253327	0.198439	-0.721173	
292	0	0.125488	-0.759163	0.768929	0.13126	0.888327	0.675147	-0.22622	0.214253	-0.721836	
293	0	0.0973888	-0.755625	0.756311	0.126858	0.894032	0.683112	-0.204784	0.226536	-0.722352	
294	0	0.0754699	-0.752849	0.746113	0.123439	0.898269	0.689185	-0.188009	0.236021	-0.722753	
295	0	0.0584866	-0.750686	0.737987	0.120796	0.901432	0.693811	-0.174975	0.243317	-0.723062	
296	0	0.0453812	-0.749009	0.731578	0.118758	0.903805	0.697335	-0.164893	0.248918	-0.7233	
297	0	0.0352894	-0.747712	0.726559	0.117191	0.905593	0.700024	-0.157114	0.253215	-0.723483	
298	0	0.027523	-0.746711	0.722645	0.115984	0.906946	0.702078	-0.151118	0.256513	-0.723624	
299	0	0.0215432	-0.745938	0.719601	0.115056	0.907976	0.703651	-0.146495	0.259048	-0.723732	
300	0	0.0169325	-0.745341	0.717235	0.11434	0.908761	0.704859	-0.142927	0.260999	-0.723815	
301	0	0.0133701	-0.744879	0.715396	0.113787	0.909364	0.705789	-0.140168	0.262505	-0.723879	
302	0	0.0106102	-0.74452	0.713964	0.113358	0.909829	0.706508	-0.13803	0.26367	-0.723929	
303	0	0.00846544	-0.744242	0.712848	0.113025	0.910188	0.707066	-0.136367	0.264576	-0.723968	
304	0	0.00679296	-0.744024	0.711975	0.112765	0.910467	0.7075	-0.13507	0.265281	-0.723998	
305	0	0.00548385	-0.743853	0.71129	0.112562	0.910685	0.70784	-0.134055	0.265834	-0.724022	
306	0	0.00445505	-0.743719	0.71075	0.112402	0.910856	0.708107	-0.133256	0.266267	-0.72404	
307	0	0.00364314	-0.743614	0.710324	0.112276	0.910991	0.708317	-0.132626	0.26661	-0.724055	
308	0	0.0029996	-0.74353	0.709986	0.112176	0.911097	0.708483	-0.132127	0.266881	-0.724067	
309	0	0.00248725	-0.743463	0.709717	0.112097	0.911182	0.708616	-0.131729	0.267097	-0.724076	
310	0	0.0020775	-0.743409	0.709501	0.112033	0.91125	0.708722	-0.131411	0.267269	-0.724083	
311	0	0.00174832	-0.743367	0.709328	0.111982	0.911304	0.708807	-0.131155	0.267408	-0.724089	
312	0	0.00148267	-0.743332	0.709188	0.111941	0.911348	0.708876	-0.130949	0.26752	-0.724094	
313	0	0.00126735	-0.743304	0.709074	0.111907	0.911384	0.708931	-0.130782	0.267611	-0.724098	
314	0	0.00109208	-0.743281	0.708982	0.11188	0.911413	0.708977	-0.130646	0.267684	-0.724101	
315	0	0.000948839	-0.743262	0.708906	0.111858	0.911436	0.709014	-0.130534	0.267745	-0.724104	
316	0	0.000831341	-0.743247	0.708844	0.11184	0.911456	0.709044	-0.130443	0.267794	-0.724106	
317	0	0.000734648	-0.743234	0.708793	0.111825	0.911472	0.709069	-0.130368	0.267835	-0.724108	
318	0	0.000654869	-0.743224	0.708751	0.111812	0.911485	0.70909	-0.130306	0.267869	-0.724109	
319	0	0.000588925	-0.743215	0.708717	0.111802	0.911496	0.709107	-0.130255	0.267896	-0.72411	
320	0	0.000534378	-0.743208	0.708688	0.111793	0.911505	0.709121	-0.130212	0.267919	-0.724111	
321	0	0.00048929	-0.743202	0.708664	0.111786	0.911512	0.709132	-0.130177	0.267938	-0.724112	
322	0	0.000452124	-0.743197	0.708644	0.111781	0.911518	0.709142	-0.130148	0.267954	-0.724113	
323	0	0.000421658	-0.743193	0.708628	0.111776	0.911523	0.70915	-0.130125	0.267966	-0.724113	
324	0	0.000396924	-0.743189	0.708614	0.111772	0.911527	0.709155	-0.130105	0.267977	-0.724113	
325	0	0.000377164	-0.743185	0.708603	0.111768	0.911529	0.709159	-0.13009	0.267984	-0.724112	
326	0	0.000361786	-0.743181	0.708592	0.111765	0.91153	0.709161	-0.130077	0.267989	-0.72411	
327	0	0.000350342	-0.743174	0.70858	0.111762	0.911529	0.709158	-0.130066	0.267991	-0.724104	
328	0	0.000342506	-0.74316	0.708563	0.111758	0.911522	0.709146	-0.130056	0.267986	-0.724091	
329	0	0.000338057	-0.743129	0.70853	0.111749	0.911505	0.709117	-0.130044	0.26797	-0.724061	
330	0	0.000336872	-0.74306	0.708458	0.111731	0.911463	0.709046	-0.130022	0.26793	-0.723991	
331	0	0.000338917	-0.742899	0.708293	0.11169	0.911365	0.70888	-0.129976	0.267833	-0.723826	
332	0	0.000344249	-0.742518	0.707905	0.111592	0.911132	0.708487	-0.129866	0.267604	-0.723439	
333	0	0.000353018	-0.741617	0.706983	0.111361	0.910582	0.707558	-0.129604	0.267065	-0.722521	
334	0	0.000365469	-0.739472	0.704788	0.110813	0.909267	0.705352	-0.128976	0.265792	-0.720339	
335	0	0.000381962	-0.734358	0.699557	0.10952	0.9061	0.700106	-0.127487	0.262795	-0.715145	
336	0	0.000402979	-0.72222	0.687173	0.106529	0.89838	0.687699	-0.124034	0.255862	-0.702839	
337	0	0.000429153	-0.693906	0.658489	0.0999458	0.879265	0.658973	-0.116419	0.240543	-0.674256	
338	0	0.000461295	-0.631343	0.596014	0.0869649	0.83151	0.596403	-0.101381	0.210062	-0.611618	
339	0	0.000500434	-0.511839	0.479426	0.0661877	0.71947	0.479596	-0.0772798	0.16059	-0.493547	
340	0	0.000547868	-0.343362	0.3193	0.0419756	0.518069	0.319098	-0.0491654	0.102094	-0.329552	
341	0	0.000605234	-0.187713	0.174075	0.0223278	0.295017	0.173477	-0.0263468	0.0541565	-0.179629	
342	0	0.000674591	-0.0890727	0.0827992	0.0105465	0.141429	0.0818993	-0.0126814	0.0252708	-0.0850468	
343	0	0.000758531	-0.0394159	0.0369929	0.00471386	0.0621275	0.0358664	-0.00594559	0.0109132	-0.0374814	
344	0	0.00086033	-0.017026	0.0163998	0.00210095	0.0260852	0.0150712	-0.00296696	0.00442587	-0.0160209	
345	0	0.000984134	-0.0073967	0.00760733	0.000987815	0.0104531	0.00606556	-0.00174684	0.00159457	-0.00676651	
346	0	0.00113521	-0.00334265	0.00398387	0.000531414	0.00372797	0.00219608	-0.00130747	0.000349514	-0.00283899	
347	0	0.00132025	-0.00166565	0.00258191	0.000357713	0.000769188	0.000498702	-0.00121767	-0.000231364	-0.00117548	
348	0	0.00154782	-0.000999368	0.00214673	0.00030767	-0.00062859	-0.000297279	-0.00129759	-0.000544946	-0.000465729	
349	0	0.00182891	-0.000769654	0.00215694	0.000315366	-0.0014028	-0.000731651	-0.00147717	-0.000761959	-0.000156797	
350	0	0.00217765	-0.000737835	0.00240335	0.000354577	-0.00195692	-0.00103635	-0.00173449	-0.000958513	-1.58029e-05	
351	0	0.00261226	-0.000806907	0.00281082	0.000416182	-0.00247297	-0.00131551	-0.00207	-0.00117226	5.58622e-05	
352	0	0.00315634	-0.000940427	0.00336436	0.000498818	-0.0030435	-0.00162146	-0.00249643	-0.00142633	0.000100556	
353	0	0.00384055	-0.00112887	0.00407943	0.000605143	-0.00372799	-0.00198721	-0.00303549	-0.00173995	0.000137109	
354	0	0.00470478	-0.00137594	0.00499099	0.000740504	-0.00457807	-0.00244083	-0.00371762	-0.00213349	0.000174622	
355	0	0.00580112	-0.0016934	0.00615108	0.000912692	-0.00564998	-0.00301256	-0.0045835	-0.00263157	0.000218356	
356	0	0.00719768	-0.00209961	0.00763053	0.00113225	-0.00701252	-0.00373918	-0.00568674	-0.00326553	0.000272331	
357	0	0.00898371	-0.00261994	0.00952332	0.00141313	-0.00875371	-0.00466769	-0.00709777	-0.00407607	0.00034057	
358	0	0.0112762	-0.00328823	0.0119532	0.00177374	-0.0109881	-0.00585919	-0.00890904	-0.00511639	0.000427799	
359	0	0.0142288	-0.00414917	0.0150829	0.00223822	-0.0138655	-0.00739367	-0.0112419	-0.00645625	0.00053998	
360	0	0.018043	-0.0052615	0.0191258	0.00283829	-0.0175824	-0.00937593	-0.0142556	-0.00818718	0.000684827	
361	0	0.0229824	-0.00670225	0.0243614	0.00361552	-0.0223958	-0.0119433	-0.0181586	-0.010429	0.000872399	
362	0	0.0293913	-0.00857213	0.0311545	0.00462426	-0.0286414	-0.0152751	-0.0232233	-0.0133385	0.00111582	
363	0	0.037717	-0.0110022	0.0399786	0.00593525	-0.036755	-0.0196048	-0.0298039	-0.0171195	0.00143218	
364	0	0.0485351	-0.014162	0.0514435	0.00763995	-0.047298	-0.0252336	-0.0383568	-0.0220352	0.00184354	
365	0	0.0625783	-0.0182683	0.0663239	0.0098555	-0.0609849	-0.0325471	-0.0494647	-0.0284226	0.00237819	
366	0	0.0807609	-0.0235951	0.0855856	0.0127299	-0.078708	-0.0420307	-0.063858	-0.0367065	0.00307187	
367	0	0.104193	-0.0304815	0.110397	0.0164467	-0.101552	-0.0542829	-0.0824305	-0.0474111	0.0039689	
368	0	0.134161	-0.0393354	0.142108	0.021227	-0.130776	-0.070019	-0.106235	-0.0611646	0.00512278	
369	0	0.172055	-0.050628	0.182159	0.0273276	-0.167747	-0.0900542	-0.136442	-0.0786862	0.00659566	
370	0	0.219182	-0.0648714	0.231875	0.0350294	-0.213761	-0.115252	-0.174227	-0.100745	0.00845582	
371	0	0.276445	-0.0825698	0.292105	0.0446139	-0.26974	-0.146419	-0.220557	-0.128072	0.010772	
372	0	0.34385	-0.104138	0.36268	0.0563212	-0.335756	-0.184129	-0.275862	-0.161218	0.0136038	
373	0	0.419951	-0.129783	0.441829	0.070292	-0.410494	-0.228487	-0.339613	-0.200353	0.0169878	
374	0	0.501493	-0.159376	0.52585	0.0864972	-0.490885	-0.278872	-0.409956	-0.245047	0.0209209	
375	0	0.583634	-0.192335	0.609453	0.104678	-0.572279	-0.333778	-0.483639	-0.294116	0.0253461	
376	0	0.660947	-0.2276	0.686964	0.12432	-0.649373	-0.390868	-0.556464	-0.345636	0.030145	
377	0	0.728898	-0.263727	0.753921	0.144687	-0.717622	-0.447323	-0.624219	-0.397196	0.035145	
378	0	0.784975	-0.299116	0.808167	0.164924	-0.774385	-0.500406	-0.683706	-0.446347	0.0401413	
379	0	0.828897	-0.332293	0.849876	0.184199	-0.819194	-0.548005	-0.733334	-0.491077	0.04493	
380	0	0.861993	-0.362149	0.88076	0.201832	-0.85321	-0.588934	-0.773066	-0.530122	0.0493398	
381	0	0.886313	-0.388058	0.903098	0.217384	-0.878376	-0.622924	-0.803924	-0.563016	0.0532546	
382	0	0.903946	-0.409856	0.919073	0.230668	-0.896729	-0.650389	-0.827407	-0.589945	0.0566192	
383	0	0.916668	-0.427737	0.930467	0.241713	-0.910036	-0.672129	-0.845061	-0.611507	0.0594324	
384	0	0.925856	-0.442111	0.938619	0.250697	-0.919686	-0.689084	-0.858248	-0.628488	0.0617317	
385	0	0.93252	-0.453491	0.944486	0.257879	-0.926708	-0.702173	-0.868077	-0.641702	0.0635772	
386	0	0.937382	-0.462395	0.948741	0.263544	-0.931844	-0.71221	-0.875405	-0.6519	0.0650378	
387	0	0.940952	-0.469305	0.95185	0.267969	-0.935623	-0.719873	-0.880877	-0.659726	0.0661816	
388	0	0.943589	-0.474637	0.95414	0.2714	-0.938419	-0.725712	-0.884974	-0.665713	0.0670707	
389	0	0.94555	-0.478737	0.955836	0.274049	-0.940501	-0.730156	-0.888051	-0.670284	0.067758	
390	0	0.947016	-0.481882	0.957102	0.276087	-0.942058	-0.733539	-0.89037	-0.673773	0.0682877	
391	0	0.948118	-0.484293	0.958052	0.277654	-0.943229	-0.736118	-0.892123	-0.676437	0.0686953	
392	0	0.94895	-0.486143	0.958768	0.278858	-0.944114	-0.738087	-0.893453	-0.678473	0.0690087	
393	0	0.949581	-0.487563	0.959311	0.279784	-0.944786	-0.739593	-0.894466	-0.680033	0.0692498	
394	0	0.950062	-0.488656	0.959725	0.280497	-0.945299	-0.740748	-0.89524	-0.681231	0.0694356	
395	0	0.950431	-0.489498	0.960041	0.281047	-0.945691	-0.741638	-0.895834	-0.682154	0.069579	
396	0	0.950714	-0.49015	0.960285	0.281473	-0.945993	-0.742324	-0.896292	-0.682866	0.06969	
397	0	0.950933	-0.490655	0.960472	0.281803	-0.946226	-0.742856	-0.896646	-0.683419	0.0697763	
398	0	0.951103	-0.491049	0.960618	0.282061	-0.946407	-0.74327	-0.896921	-0.683848	0.0698434	
399	0	0.951235	-0.491356	0.960732	0.282262	-0.946549	-0.743593	-0.897136	-0.684184	0.0698959	
400	0	0.951339	-0.491598	0.960821	0.28242	-0.946659	-0.743847	-0.897304	-0.684447	0.0699372	
401	0	0.951421	-0.491788	0.960891	0.282545	-0.946746	-0.744046	-0.897436	-0.684655	0.0699697	
402	0	0.951485	-0.491939	0.960946	0.282643	-0.946815	-0.744204	-0.897541	-0.684819	0.0699954	
403	0	0.951537	-0.492058	0.96099	0.282722	-0.94687	-0.74433	-0.897624	-0.68495	0.0700159	
404	0	0.951578	-0.492154	0.961025	0.282785	-0.946913	-0.74443	-0.897691	-0.685054	0.0700322	
405	0	0.95161	-0.492231	0.961053	0.282835	-0.946948	-0.744511	-0.897744	-0.685138	0.0700453	
406	0	0.951637	-0.492293	0.961076	0.282875	-0.946976	-0.744576	-0.897787	-0.685205	0.0700559	
407	0	0.951658	-0.492343	0.961094	0.282908	-0.946999	-0.744628	-0.897822	-0.68526	0.0700645	
408	0	0.951676	-0.492383	0.961109	0.282935	-0.947018	-0.744671	-0.89785	-0.685304	0.0700714	
409	0	0.95169	-0.492417	0.961122	0.282957	-0.947033	-0.744706	-0.897873	-0.68534	0.0700771	
410	0	0.951701	-0.492444	0.961132	0.282974	-0.947045	-0.744734	-0.897892	-0.68537	0.0700818	
411	0	0.951711	-0.492466	0.96114	0.282989	-0.947055	-0.744758	-0.897907	-0.685394	0.0700856	
412	0	0.951719	-0.492485	0.961146	0.283001	-0.947064	-0.744777	-0.89792	-0.685414	0.0700888	
413	0	0.951725	-0.4925	0.961152	0.283011	-0.947071	-0.744793	-0.897931	-0.685431	0.0700913	
414	0	0.951731	-0.492513	0.961157	0.283019	-0.947077	-0.744806	-0.897939	-0.685445	0.0700935	
415	0	0.951735	-0.492523	0.961161	0.283026	-0.947081	-0.744817	-0.897947	-0.685456	0.0700952	
416	0	0.951739	-0.492532	0.961164	0.283032	-0.947085	-0.744826	-0.897953	-0.685465	0.0700964	
417	0	0.951742	-0.492539	0.961166	0.283037	-0.947088	-0.744833	-0.897958	-0.685473	0.0700972	
418	0	0.951744	-0.492546	0.961168	0.283041	-0.947091	-0.744839	-0.897962	-0.685479	0.0700973	
419	0	0.951746	-0.492552	0.96117	0.283044	-0.947092	-0.744843	-0.897965	-0.685484	0.0700961	
420	0	0.951748	-0.492559	0.961172	0.283047	-0.947093	-0.744845	-0.897968	-0.685487	0.0700923	
421	0	0.951749	-0.49257	0.961174	0.28305	-0.947093	-0.744843	-0.89797	-0.685489	0.0700829	
422	0	0.95175	-0.49259	0.961176	0.283053	-0.94709	-0.744836	-0.897972	-0.685487	0.0700607	
423	0	0.95175	-0.492632	0.96118	0.28306	-0.947081	-0.744815	-0.897974	-0.68548	0.0700094	
424	0	0.951751	-0.492727	0.961189	0.283074	-0.947061	-0.744764	-0.897977	-0.685461	0.0698901	
425	0	0.951751	-0.492948	0.96121	0.283105	-0.947012	-0.744643	-0.897985	-0.685417	0.0696117	
426	0	0.95175	-0.493467	0.961258	0.283178	-0.946898	-0.744359	-0.898002	-0.685311	0.0689575	
427	0	0.951749	-0.494691	0.961371	0.283352	-0.946627	-0.743687	-0.898044	-0.685062	0.0674121	
428	0	0.951748	-0.497584	0.961637	0.283764	-0.945982	-0.742092	-0.898144	-0.684474	0.0637522	
429	0	0.951747	-0.50437	0.962261	0.284738	-0.94443	-0.738298	-0.89838	-0.683085	0.0551079	
430	0	0.951745	-0.519915	0.963674	0.287003	-0.940652	-0.729294	-0.89893	-0.679838	0.0349759	
431	0	0.951743	-0.553431	0.966647	0.292055	-0.931295	-0.708237	-0.900151	-0.672494	-0.0100808	
432	0	0.95174	-0.616471	0.971987	0.302304	-0.907638	-0.661135	-0.902601	-0.657111	-0.101589	
433	0	0.951736	-0.707605	0.979194	0.319559	-0.84888	-0.567578	-0.906634	-0.629674	-0.252436	
434	0	0.951732	-0.796503	0.985745	0.341117	-0.726103	-0.424189	-0.911516	-0.59252	-0.426606	
435	0	0.951727	-0.854242	0.989804	0.359883	-0.556083	-0.27639	-0.915628	-0.557412	-0.558441	
436	0	0.951721	-0.882832	0.991774	0.371731	-0.413256	-0.173867	-0.918157	-0.533839	-0.630582	
437	0	0.951713	-0.895402	0.992633	0.377772	-0.330148	-0.119448	-0.919424	-0.521364	-0.663976	
438	0	0.951704	-0.900717	0.992995	0.380518	-0.290171	-0.0942475	-0.91999	-0.515559	-0.678439	
439	0	0.951693	-0.902939	0.993146	0.381698	-0.272422	-0.0832324	-0.920225	-0.512999	-0.684558	
440	0	0.951679	-0.903864	0.993207	0.382186	-0.264737	-0.0784964	-0.920314	-0.511877	-0.687132	
441	0	0.951663	-0.904246	0.993232	0.382377	-0.261376	-0.0764351	-0.920337	-0.511364	-0.688217	
442	0	0.951642	-0.9044	0.99324	0.382439	-0.259824	-0.07549	-0.92033	-0.511099	-0.688677	
443	0	0.951617	-0.904456	0.993241	0.382441	-0.259005	-0.0749981	-0.920306	-0.510928	-0.688876	
444	0	0.951586	-0.904468	0.993238	0.382413	-0.258458	-0.074676	-0.920269	-0.510783	-0.688965	
445	0	0.951547	-0.904459	0.993233	0.382365	-0.257978	-0.0743981	-0.920221	-0.51063	-0.689009	
446	0	0.951498	-0.904438	0.993226	0.382299	-0.257463	-0.074104	-0.920159	-0.51045	-0.689035	
447	0	0.951437	-0.904406	0.993217	0.382214	-0.256855	-0.0737576	-0.920081	-0.510231	-0.689055	
448	0	0.95136	-0.904364	0.993205	0.382105	-0.256104	-0.0733307	-0.919982	-0.509956	-0.689074	
449	0	0.951262	-0.904309	0.993191	0.381966	-0.255159	-0.0727942	-0.919857	-0.509608	-0.689096	
450	0	0.951136	-0.90424	0.993172	0.38179	-0.253959	-0.0721135	-0.919697	-0.509166	-0.689123	
451	0	0.950976	-0.90415	0.993147	0.381564	-0.252426	-0.0712446	-0.919492	-0.508601	-0.689157	
452	0	0.950769	-0.904036	0.993116	0.381275	-0.250459	-0.0701304	-0.919229	-0.507876	-0.6892	
453	0	0.950502	-0.903888	0.993076	0.380902	-0.247924	-0.0686965	-0.918888	-0.506942	-0.689255	
454	0	0.950156	-0.903697	0.993023	0.38042	-0.244647	-0.066845	-0.918447	-0.505734	-0.689326	
455	0	0.949703	-0.903449	0.992955	0.379797	-0.240398	-0.0644477	-0.917872	-0.504168	-0.689419	
456	0	0.94911	-0.903126	0.992864	0.378988	-0.234871	-0.0613365	-0.917121	-0.502131	-0.689538	
457	0	0.94833	-0.902705	0.992746	0.377935	-0.227667	-0.0572925	-0.916135	-0.499476	-0.689694	
458	0	0.947298	-0.902156	0.992588	0.376565	-0.218262	-0.0520314	-0.914836	-0.49601	-0.689896	
459	0	0.945926	-0.901437	0.992379	0.374781	-0.205976	-0.0451876	-0.913119	-0.49148	-0.690158	
460	0	0.944093	-0.900496	0.992098	0.372462	-0.189929	-0.0362968	-0.91084	-0.485559	-0.690499	
461	0	0.94163	-0.899266	0.991719	0.369453	-0.169007	-0.02478	-0.907806	-0.477829	-0.690939	
462	0	0.938302	-0.897659	0.991204	0.365564	-0.14183	-0.00993367	-0.903752	-0.46776	-0.691506	
463	0	0.933777	-0.895569	0.990498	0.360571	-0.106756	0.00906379	-0.898318	-0.454701	-0.692229	
464	0	0.927582	-0.892863	0.989523	0.354217	-0.0619536	0.0331165	-0.891019	-0.437874	-0.693143	
465	0	0.919052	-0.889388	0.988163	0.346228	-0.00561788	0.0631261	-0.881199	-0.416401	-0.694283	
466	0	0.907251	-0.884972	0.98625	0.336343	0.0636148	0.0998384	-0.868	-0.389367	-0.695679	
467	0	0.890891	-0.879444	0.983539	0.324358	0.145999	0.143615	-0.850327	-0.355955	-0.69735	
468	0	0.868285	-0.872655	0.979684	0.310191	0.239882	0.194161	-0.826885	-0.315645	-0.699298	
469	0	0.837399	-0.864519	0.97422	0.293944	0.341168	0.250286	-0.796294	-0.268485	-0.701496	
470	0	0.796125	-0.855059	0.966565	0.275957	0.443597	0.30986	-0.757391	-0.215335	-0.703887	
471	0	0.742892	-0.844444	0.956093	0.25681	0.540168	0.370048	-0.709681	-0.15797	-0.706388	
472	0	0.677535	-0.833004	0.942281	0.237262	0.625125	0.427843	-0.653836	-0.0989253	-0.708896	
473	0	0.602034	-0.821199	0.924929	0.218142	0.695387	0.480683	-0.591958	-0.0410545	-0.711308	
474	0	0.520532	-0.809547	0.904365	0.200205	0.750688	0.526899	-0.527338	0.0130339	-0.713537	
475	0	0.43838	-0.798536	0.881493	0.18402	0.792697	0.565825	-0.463718	0.0614352	-0.715522	
476	0	0.360672	-0.788544	0.857627	0.169916	0.823903	0.597633	-0.404406	0.103143	-0.717232	
477	0	0.291077	-0.779796	0.834176	0.157991	0.846813	0.623031	-0.351669	0.137978	-0.718665	
478	0	0.231437	-0.772372	0.812327	0.148155	0.863559	0.642967	-0.306571	0.166357	-0.719838	
479	0	0.182035	-0.766228	0.79287	0.140204	0.875808	0.658431	-0.269173	0.189038	-0.720781	
480	0	0.142125	-0.761248	0.776168	0.133877	0.884794	0.670328	-0.23888	0.206908	-0.721528	
481	0	0.110457	-0.757273	0.762242	0.128903	0.891418	0.679434	-0.214763	0.220842	-0.722113	
482	0	0.0856416	-0.75414	0.750885	0.125025	0.896325	0.686382	-0.1958	0.231629	-0.722567	
483	0	0.0663569	-0.75169	0.741777	0.12202	0.899979	0.691675	-0.18102	0.239941	-0.722919	
484	0	0.0514496	-0.749786	0.734561	0.119702	0.902713	0.695708	-0.169564	0.246327	-0.72319	
485	0	0.0399607	-0.748313	0.728891	0.117916	0.904769	0.698782	-0.160716	0.251228	-0.723398	
486	0	0.031118	-0.747175	0.724462	0.116543	0.906322	0.701128	-0.153894	0.254987	-0.723559	
487	0	0.024312	-0.746296	0.721014	0.115486	0.9075	0.702923	-0.148636	0.257875	-0.723682	
488	0	0.0190684	-0.745618	0.718333	0.114672	0.908398	0.7043	-0.14458	0.260095	-0.723776	
489	0	0.0150214	-0.745093	0.716249	0.114043	0.909085	0.705358	-0.141448	0.261807	-0.72385	
490	0	0.0118905	-0.744687	0.714629	0.113557	0.909614	0.706175	-0.139022	0.26313	-0.723906	
491	0	0.00946125	-0.744371	0.713367	0.11318	0.910021	0.706807	-0.137139	0.264156	-0.72395	
492	0	0.00757026	-0.744125	0.712381	0.112886	0.910337	0.707299	-0.135673	0.264953	-0.723984	
493	0	0.00609291	-0.743933	0.711609	0.112657	0.910584	0.707682	-0.134527	0.265577	-0.724011	
494	0	0.00493422	-0.743782	0.711002	0.112477	0.910776	0.707982	-0.133628	0.266065	-0.724032	
495	0	0.00402172	-0.743663	0.710523	0.112335	0.910928	0.708219	-0.13292	0.26645	-0.724048	
496	0	0.00330003	-0.743569	0.710144	0.112223	0.911048	0.708406	-0.13236	0.266754	-0.724061	
497	0	0.00272672	-0.743494	0.709843	0.112134	0.911142	0.708554	-0.131915	0.266996	-0.724072	
498	0	0.00226925	-0.743434	0.709602	0.112063	0.911218	0.708672	-0.13156	0.267188	-0.72408	
499	0	0.00190255	-0.743387	0.709409	0.112006	0.911279	0.708767	-0.131275	0.267343	-0.724087	
