1  1.79381  12.5798
2  1.83149  16.7193
3  1.61235  19.0973
4  1.92076  18.7629
5  1.69268  15.5688
6  1.55651  16.7596
7  2.33393  21.8474
8  2.6905  20.3636
9  2.62815  30.4425
10  4.27392  31.3418
11  4.14929  53.2084
12  4.30733  58.0671
13  6.24583  70.4146
14  5.04466  93.8124
15  6.17475  90.0984
16  6.03852  110.279
17  4.36082  85.5889
18  5.06871  95.3739
19  6.05172  111.788
20  8.67562  132.09
21  6.2274  123.653
22  6.91069  122.459
23  9.3242  135.953
24  6.49207  127.3
25  6.33833  138.278
26  7.85793  165.19
27  7.51739  144.617
28  6.99896  134.394
29  7.01835  138.331
30  7.5107  155.467
31  13.2285  154.807
32  6.67969  150.427
33  8.48807  153.7
34  7.27774  125.571
35  6.06138  137.145
36  8.10163  147.516
37  7.43338  144.765
38  7.1483  143.126
39  9.66699  149.507
40  7.32391  142.081
41  8.54041  140.727
42  7.54551  157.101
43  7.58771  159.979
44  8.22604  180.105
