1  2.10945e-05  0.000200286
2  2.04076e-05  0.000222852
3  5.68056e-05  0.000267728
4  9.37821e-05  0.000452761
5  9.3586e-05  0.000478628
6  0.000150044  0.00118399
7  0.000166225  0.00181965
8  0.000187548  0.00343033
9  0.000199448  0.0040365
10  0.000340454  0.00402769
11  0.00034949  0.00581177
12  0.000391402  0.00593569
13  0.000335203  0.00611019
14  0.000319778  0.00595111
15  0.00023778  0.00462319
16  0.000332399  0.00515619
17  0.000355264  0.00578621
18  0.000347901  0.00613684
19  0.000317023  0.0054165
20  0.000369606  0.00680715
21  0.000398363  0.00653075
22  0.000353557  0.00701086
23  0.000426066  0.00854902
24  0.000592211  0.00823475
25  0.000527682  0.00990876
26  0.000527682  0.0101146
27  0.000493362  0.0109053
28  0.000635873  0.00923715
29  0.000449163  0.0108892
30  0.000504058  0.0102273
31  0.000472907  0.0115624
32  0.000468896  0.0117252
33  0.000567007  0.0113605
34  0.000476189  0.0113441
35  0.000597853  0.0133248
36  0.000517451  0.0135737
37  0.00050901  0.0102227
38  0.000419796  0.00929582
39  0.000552083  0.0115195
40  0.000616511  0.0132258
41  0.000575979  0.0108963
42  0.000536575  0.0123932
43  0.000605516  0.0119879
