1  3.11768  33.7662
2  6.44544  41.8717
3  5.27773  46.3686
4  6.62953  57.2018
5  3.21971  52.9249
6  4.22976  61.1766
7  4.84987  58.8603
8  4.40288  70.6276
9  7.16522  82.3406
10  8.45223  90.9521
11  5.73659  85.409
12  8.35855  90.0423
13  7.6531  90.2745
14  8.90741  94.1455
15  5.90339  102.433
16  7.34428  108.823
17  5.34553  90.0485
18  8.56336  115.781
19  8.67337  108.204
20  7.81437  119.994
21  9.14229  134.667
22  10.5323  145.928
23  10.8531  174.088
24  10.3339  186.888
25  11.9391  202.253
26  11.1325  186.188
27  10.5316  211.048
28  16.3754  238.399
29  13.8189  289.702
30  17.0005  274.493
31  18.4857  324.958
32  20.5775  292.305
33  17.3122  296.82
34  15.8872  320.05
35  17.7203  343.238
36  18.2208  332.505
37  16.6484  356.428
38  16.9514  347.279
39  20.0317  363.096
40  18.4182  385.111
41  20.2615  424.103
42  23.1628  426.561
43  22.6395  466.405
44  27.4709  509.235
45  21.5495  553.601
46  21.8741  538.854
47  25.7019  533.946
48  22.5381  509.932
49  26.0723  495.319
50  29.2142  539.234
51  22.5546  479.766
52  23.1161  505.04
53  25.4598  543.228
54  22.1126  515.698
55  29.6314  457.463
56  28.0246  522.966
57  22.8569  577.004
58  25.9498  625.146
59  20.3628  554.186
60  26.7515  586.008
61  26.2329  530.87
62  23.0977  560.522
63  24.4287  570.507
64  28.719  633.994
65  23.8665  563.516
66  25.8724  581.097
67  25.2409  481.39
68  24.924  584.841
69  29.0127  704.848
70  25.5076  643.705
71  26.2476  639.486
72  26.4245  613.143
73  27.4327  612.481
74  21.7755  625.1
75  24.6988  634.892
76  32.1963  686.444
77  25.6067  499.357
78  22.4663  609.164
79  24.5575  569.194
80  22.3976  598.567
81  32.9183  684.209
82  24.3886  579.743
83  20.9346  567.764
84  23.7691  523.012
85  27.0144  626.973
86  22.8207  541.036
87  31.2253  661.401
88  27.3062  576.399
89  27.1929  698.337
90  25.3299  659.993
91  25.2936  684.907
92  24.5245  633.976
93  26.1491  659.525
94  25.4387  664.789
95  26.8304  685.376
96  30.0786  753.997
97  29.4886  714.437
98  24.9301  672.337
99  26.1746  635.131
100  26.378  662.844
101  35.8586  622.135
102  33.5407  735.489
103  26.6763  710.499
104  29.6713  705.71
105  31.4325  780.652
106  29.8772  702.647
107  29.5755  744.347
108  32.1359  675.994
109  34.0127  686.8
110  26.912  757.595
111  34.597  740.404
112  31.0785  652.062
113  29.9102  603.247
114  35.4358  728.169
115  23.5881  650.663
116  25.1498  679.523
117  25.1498  610.675
118  25.6527  660.149
119  28.194  722.666
120  26.3445  633.565
121  33.0097  592.798
122  25.8749  640.371
123  35.6679  610.956
124  29.0319  602.407
125  28.496  667.431
126  30.0815  713.271
127  27.1673  745.122
128  27.6241  754.635
129  35.0162  675.452
130  26.9588  782.663
131  29.4327  736.643
132  25.1547  759.075
133  28.5398  680.902
134  30.803  707.18
135  30.7434  747.031
136  28.9452  674.722
137  28.2405  735.069
138  27.1151  686.428
139  31.2363  690.046
140  31.0954  637.924
141  25.3193  587.669
142  28.8  729.078
143  29.2604  822.569
144  31.2489  759.782
145  30.1276  826.152
146  29.6755  698.471
