1  4.05127  16.47
2  4.05127  20.2793
3  5.68431  48.4492
4  6.51899  90.8261
5  4.65143  85.5703
6  7.03426  111.871
7  7.71301  111.622
8  7.47988  129.875
9  9.18872  143.666
10  8.22045  137.512
11  10.7881  153.776
12  8.48704  147.466
13  7.31418  146.931
14  7.29886  144.791
15  7.72734  149.749
16  12.1542  177.819
17  12.649  181.084
18  13.7568  193.381
19  7.99237  182.947
20  9.91062  187.185
21  11.994  189.955
22  14.1578  203.397
23  15.7944  248.801
24  14.1644  221.254
25  13.4786  251.761
26  20.3315  249.22
27  16.6429  256.668
28  13.9845  281.514
29  14.2785  242.733
30  14.6608  309.682
31  12.6081  263.277
32  16.2201  258.345
33  16.9641  237.515
34  20.602  296.046
35  14.375  327.97
36  16.521  321.1
37  20.9461  374.688
38  38.9215  416.773
39  30.0731  443.62
40  24.4425  462.667
41  30.9575  434.213
42  21.7405  357.92
43  20.1405  424.821
44  19.4213  416.031
45  25.2204  428.271
46  25.5888  497.762
47  24.8232  495.457
48  31.2612  491.75
49  32.0328  537.212
50  32.7622  574.03
51  29.8495  503.964
52  32.3358  591.813
53  38.1257  678.301
54  36.8877  670.349
55  30.0232  571.442
56  39.1652  628.531
57  32.6059  581.234
58  35.0942  547.127
59  32.2395  672.127
60  32.9648  705.728
61  31.7025  549.479
62  36.1606  606.615
63  36.8435  746.059
64  30.7227  556.477
65  28.567  709.602
66  37.1685  680.693
67  37.1685  698.309
68  34.5388  653.888
69  37.2915  613.995
70  37.6431  634.215
71  47.758  665.099
72  50.4724  646.262
73  41.3667  714.247
74  47.7262  854.492
75  37.0004  798.872
76  33.6293  814.659
77  38.5785  805.191
78  43.1284  813.21
79  34.8071  692.525
80  39.5825  727.617
81  43.6809  601.679
82  42.2893  823.413
83  38.2592  771.676
84  39.9793  733.167
85  39.3279  635.981
86  36.4431  769.734
87  36.7134  722.248
88  45.5558  958.724
89  42.9799  850.58
90  47.5308  880.252
91  38.2745  834.512
92  44.8922  851.203
93  45.6969  1031.61
94  42.6116  723.113
95  48.0617  971.792
96  42.7229  953.174
97  47.3042  757.184
98  43.6749  956.046
99  40.9388  889.734
100  46.6588  854.868
101  53.1551  1141.44
102  58.7926  1164.44
103  50.7825  848.106
104  41.5307  1006.8
105  55.8607  903.723
106  38.9291  821.573
107  47.8092  701.447
108  44.3907  864.261
109  45.3145  1029.11
110  51.6721  1083.66
111  50.8234  987.132
112  51.8211  993.331
113  55.0393  1100.41
114  55.5685  1157.32
115  42.8797  910.708
116  54.7957  1076.38
117  58.5999  1031.33
118  50.7753  875.917
119  51.12  1000.05
120  50.0801  848.793
121  46.0452  907.615
122  47.2683  848.625
123  49.2855  941.628
124  49.2855  1002.77
125  43.2719  1170.15
126  36.9489  908.036
127  45.0887  963.042
128  45.7405  865.31
129  43.2384  944.927
130  43.2531  957.675
131  44.1165  1074.72
132  39.3548  890.333
133  45.8463  838.622
134  33.8247  747.39
135  40.6097  945.598
136  41.8355  910.349
137  40.1104  956.973
138  37.2203  930.592
139  36.1791  833.626
140  31.3678  668.954
141  39.0398  748.338
142  45.3304  790.083
143  39.4889  865.767
144  45.0927  857.067
145  40.2522  977.507
146  40.8927  983.401
147  42.6307  793.877
148  37.1286  881.799
149  42.5072  893.25
150  41.0863  895.651
151  46.3913  839.6
152  35.1151  842.813
153  41.7343  771.767
154  44.3482  932.959
155  38.9726  867.192
156  43.7284  828.441
157  36.1668  822.508
158  34.1497  763.378
159  44.8271  798.422
160  41.357  741.574
161  45.3802  874.34
162  37.5749  835.107
163  40.0047  726.147
164  41.2037  857.21
165  54.6961  836.462
166  36.1607  690.092
167  36.1607  864.642
168  38.0002  880.517
169  43.6886  964.342
170  48.2769  818.75
171  37.9529  942.133
172  46.6422  910.166
173  40.59  1002.01
174  38.2682  994.201
175  39.1086  853.562
176  39.152  1049.33
177  42.2944  1140.83
178  36.3504  957.728
179  49.0932  986.237
180  41.1132  898.909
181  36.0317  871.981
182  40.3481  908.935
183  37.5118  779.999
184  42.4084  879.651
185  37.7364  758.316
186  38.9038  744.212
187  42.29  816.641
188  37.5196  901.482
189  42.0892  956.137
190  37.7966  816.181
191  41.9606  784.712
192  39.967  871.903
193  45.4655  828.313
194  36.9134  809.208
195  49.2975  976.62
196  41.7929  882.588
197  45.2263  898.665
198  41.5908  852.619
199  37.2707  835.851
200  39.1647  869.159
