1  10.0213  94.245
2  5.80595  102.763
3  9.22753  102.754
4  4.09068  99.0676
5  4.79987  100.108
6  18.8437  111.691
7  13.1521  120.239
8  7.09607  106.391
9  9.78614  137.329
10  13.9184  149.63
11  13.0883  176.412
12  22.1437  217.987
13  18.8817  213.26
14  25.4999  314.781
15  16.619  250.435
16  22.6929  324.495
17  45.3631  340.947
18  27.9182  384.597
19  27.7191  379.328
20  28.222  404.419
21  28.222  367.926
22  31.1901  398.957
23  70.3356  449.477
24  29.8197  472.71
25  29.137  419.783
26  21.7314  439.954
27  23.8116  462.48
28  42.5965  485.053
29  39.4015  551.695
30  30.1793  504.252
31  34.546  622.008
32  50.4431  687.384
33  66.1112  592.878
34  37.7517  685.328
35  47.8046  635.465
36  43.3365  856.982
37  32.2841  577.767
38  36.5269  641.415
39  48.6936  720.65
40  49.1013  777.22
41  65.7199  820.739
42  41.7846  693.978
43  29.0201  632.659
44  41.2384  748.147
45  48.3487  704.811
46  37.694  652.348
47  42.5981  736.959
48  94.5881  772.67
49  48.0907  840.333
50  72.8448  807.849
51  53.3444  780.201
52  49.1236  807.378
53  72.2181  1058.6
54  60.3852  1011.56
55  51.574  831.521
56  86.3364  1014.48
57  61.894  780.154
58  75.5102  949.167
59  67.3393  1029.27
60  60.9902  1119.46
61  70.5516  898.148
62  92.4507  1093.01
63  86.3853  1168.1
64  57.0689  907.864
65  77.8356  1102.77
66  77.8356  1178.29
67  71.2092  1045.16
68  83.9405  1191.35
69  91.3002  1287.63
70  149.262  1414.62
71  68.6111  1086.57
72  115.433  1293.55
73  107.558  1144.11
74  86.7017  984.159
75  80.6224  1375.25
76  60.8779  1002.53
77  90.5646  1190.24
78  107.42  1406.71
79  88.1654  1241.98
80  103.39  1212.12
81  72.8657  1334.37
82  97.9134  1226.43
83  68.0314  1186.18
84  85.8148  1325.1
85  89.6327  1353.32
86  96.0235  1343.86
87  84.3645  1570.31
88  99.2738  1563.61
89  108.672  1454.73
90  91.89  1475.83
91  91.89  1717.07
92  101.378  1413.77
93  97.9154  1708.79
94  129.081  1589.46
95  97.9154  1632.78
96  74.8629  1508.69
97  73.6923  1460.42
98  84.6527  1786.96
99  103.233  1778.51
100  98.5261  1592.27
