1  1.49642  11.4648
2  2.18708  21.2091
3  2.57094  27.3473
4  3.1873  27.0699
5  5.62076  30.4087
6  7.74327  38.9509
7  7.74327  43.9952
8  31.9842  92.7331
9  34.5131  234.566
10  34.5131  419.947
11  31.9842  316.758
12  31.9842  341.094
13  31.9842  382.498
14  31.9842  361.523
15  31.9842  458.82
16  31.9842  480.626
17  31.9842  374.811
18  31.9842  272.24
19  38.6868  354.083
20  26.9435  259.385
21  26.9435  362.123
22  39.9578  300.718
23  31.9842  274.941
24  15.022  222.713
25  22.4522  206.192
26  48.1562  360.011
27  48.1562  471.291
28  31.5027  413.64
29  99.7883  453.096
30  99.7883  610.757
31  55.2793  592.97
32  88.005  568.63
33  88.005  771.729
34  120.003  445.562
35  120.003  1353.09
36  80.4036  982.778
37  96.9101  1115.96
38  147.653  1596.43
39  107.942  1136.17
40  108.942  1220.08
41  132.267  1530.07
42  132.052  1529.29
43  164.379  1438.95
44  118.627  1381.67
45  108.903  1129.81
46  203.367  1824.66
47  135.251  1578.5
48  187.725  1907.56
49  159.949  1281.68
50  149.714  1282.39
51  125.808  1205.32
52  149.374  1408.75
53  126.671  1323.04
54  156.261  1315.27
55  296.745  1302.77
56  296.745  1841.31
57  149.896  1464.41
58  141.122  1054.72
59  141.122  1571.98
60  138.662  1337.23
61  141.744  1702.43
62  194.744  2003.3
63  205.224  2458.35
64  205.224  2663.68
65  240.141  2046.38
66  240.141  2106.9
67  190.475  2244.21
68  231.761  1603.3
69  231.761  1806.3
70  237.93  2972.2
71  201.088  2682.61
72  203.14  2371.08
73  232.746  2522.53
74  227.321  2189.68
75  174.32  2688.15
76  194.603  1511.37
77  231.129  1650.06
78  276.723  2735.19
79  201.367  2577.7
80  228.742  2344.52
81  219.286  2096.87
82  255.188  3010.71
83  194.693  2719.37
84  234.992  3162.91
85  182.284  2467.37
86  323.983  2360.52
87  174.543  1967.46
88  200.697  2546.95
89  193.543  1911.15
90  228.144  2347.85
91  315.935  3241.79
92  211.57  1870.94
93  246.583  2014.28
94  346.956  2382.58
95  219.63  1939.65
96  212.73  3019.44
97  296.207  2806.39
98  296.207  3170.2
99  281.004  3022.25
100  281.004  3132.9
101  316.149  2994.33
102  234.024  2621.25
103  231.731  2351.35
104  253.893  2969.96
105  185.628  1694.07
106  385.221  2224.82
107  296.991  2665.36
108  268.135  2423.6
109  275.991  3615.13
110  249.51  3176.4
111  254.519  3496.13
112  339.293  3819.28
113  335.725  4009.45
114  379.437  3140.7
115  238.934  3409.42
116  276.497  2887.02
117  236.033  2098.77
118  263.208  2158.07
119  263.208  3522.86
120  234.978  2941.51
121  212.021  2186.52
122  247.274  2721.39
123  316.27  4006.63
124  271.987  3849.72
125  319.873  3507.91
126  351.593  3670.28
127  197.722  1944.65
128  216.511  2163.38
129  216.511  2764.26
130  296.204  3782.88
131  225.58  2881.56
132  230.982  2007.48
133  202.86  2125.49
134  260.658  3398.17
135  197.925  2640.75
136  275.328  2551
137  250.208  3330.56
138  265.79  2259.38
139  205.458  2374.44
140  335.541  3187.23
141  309.911  2680.21
142  309.911  3019.62
143  317.025  2391.26
144  291.556  2858.85
145  249.039  2478.78
146  232.166  3080.71
147  199.324  2456.54
148  203.429  2210.45
149  263.31  2453.36
150  254.609  3723.22
151  247.807  3306.58
152  287.559  3458.7
153  287.559  3838.97
154  282.795  2547.9
155  257.162  3270.29
156  257.162  2878.09
157  276.634  2799.73
158  251.47  2258.62
159  287.926  2242.86
160  288.574  3518.04
161  294.75  3033.9
162  250.878  2813.17
163  244.042  3217.41
164  259.083  3573.21
165  348.493  3102.22
166  239.954  3250.36
167  245.103  3336.12
168  238.334  2910.01
169  218.474  3226.22
170  295.227  3546.67
171  277.955  3383.84
172  284.571  3616.83
173  232.318  3093.49
174  268.392  3548.23
175  295.248  4468.16
176  258.118  3787.19
177  295.412  3265.14
178  268.292  3285.65
179  327.211  3624.65
180  273.407  3494.15
181  240.378  3013.53
182  235.405  3991.83
183  291.222  3464.19
184  227.205  2762.52
185  230.694  3285.4
186  295.781  3979.39
187  371.579  3435.78
188  245.238  3292.47
189  269.733  3747.47
190  224.571  3241.82
191  215.396  3164.28
192  240.756  3186.58
193  332.7  3766.11
194  282.674  3477.07
195  302.973  4430.13
196  207.477  2732.39
197  274.37  3671.03
198  236.556  2807.78
199  201.082  3430.53
200  238.998  3681.14
