1  2.57908  21.2069
2  1.89877  17.0094
3  2.27569  19.6396
4  5.46968  31.6471
5  2.7641  30.652
6  5.97593  45.5871
7  5.92653  34.965
8  14.92  56.835
9  14.92  117.751
10  41.2308  148.261
11  84.7714  491.044
12  108.276  747.291
13  488.768  2670.14
14  488.768  3062.83
15  488.768  3444.88
16  482.544  3270.07
17  482.544  2252.66
18  482.544  2211.8
19  404.011  1955.24
20  341.261  1871.7
21  341.261  2660.11
22  498.995  3353.7
23  511.169  3278.29
24  347.361  2573.49
25  333.131  1638.97
26  337.144  2730.19
27  599.341  5867.04
28  710.509  5214.18
29  668.272  5197.33
30  862.332  5564.05
31  958.279  9309.04
32  958.279  10865.3
33  800.334  14333
34  804.709  11657.2
35  943.795  15077.2
36  1009.94  15192.5
37  1177.07  16168.5
38  1042.18  17907.4
39  1029.2  21470.4
40  1112.19  24374.2
41  910  18881.3
42  1321.36  11769.3
43  1110.01  14172.5
44  1355.03  18180.3
45  895.098  14420.3
46  869.736  13822.2
47  1158.62  18488.7
48  1109.8  17428.1
49  1140.85  18778.1
50  1320.27  20596.8
51  1529  25517
52  1337.57  22623.6
53  1257.19  20126.6
54  1238.22  19004.3
55  1193.83  17544.1
56  1612.39  23527.5
57  1238.47  19181.6
58  1246.93  17475
59  1455.39  21250.5
60  1341  21023
61  1082.62  22001.4
62  1067.54  20814
63  1115.84  16746.8
64  1523.21  18229.1
65  1447.2  16096
66  1096.04  17823.9
67  1528.2  18635.1
68  1132.98  18568.1
69  1212.42  25686.5
70  1612.02  28635.7
71  1433.57  22545.6
72  1360.91  24742.5
73  1306.31  25057.8
74  1374.96  30943.7
75  1388.81  22796.8
76  1723.71  27949
77  1576.44  31785.1
78  1820.56  24401.1
79  1517.94  30180.8
80  1611.22  28308.4
81  1564.69  24106.5
82  1681.99  24190
83  1603.61  26266.9
84  1796.49  33201.9
85  1767.86  23468.7
86  1589.41  24259
87  1887  37708.9
88  2011.33  36783.9
89  1654.32  36629.5
90  1817.8  27876.5
91  1947.91  42347.7
92  1908.29  42882.3
93  1874.5  32308.2
94  1658.69  32273.9
95  1908.59  39320.5
96  2644.58  39825
97  2173.9  39539.1
98  2198.01  42706.2
99  2387.08  36970.5
100  2108.08  32581.6
