1 1.88832 0.272034
2 2.52012 0.57668
3 3.15784 0.456296
4 5.66416 0.545046
5 8.07821 1.31989
6 20.9004 1.36207
7 3.60844 1.09994
8 6.47273 1.53405
9 7.42516 1.58692
10 10.7035 1.729
11 4.42151 0.891264
12 17.6246 2.82506
13 13.3315 2.80376
14 21.9992 4.68118
15 19.5803 5.66118
16 37.3849 5.61088
17 16.1135 4.66372
18 11.3202 1.93361
19 30.7469 2.06486
20 26.1276 5.26362
21 22.6065 4.27626
22 9.97546 3.16072
23 10.2579 1.4222
24 5.82854 1.03543
25 6.04168 1.25297
26 11.5565 2.28474
27 14.1544 2.89842
28 5.74545 0.912
29 5.50731 1.24252
30 4.61122 1.1324
31 7.68896 1.94588
32 5.23562 0.815968
33 7.35391 1.77489
34 7.89429 2.67916
35 6.49181 2.50642
36 6.5565 2.203
37 8.04831 1.973
38 5.30778 1.89262
39 5.18785 1.83269
40 5.92131 1.60056
41 3.64339 1.51507
42 12.6846 1.78051
43 4.27548 1.04886
44 4.41854 1.5846
45 6.29003 1.78912
46 2.1437 1.40195
47 3.47059 0.70191
48 2.67941 1.0426
49 3.0274 1.45441
50 2.93293 0.95329
