1  2.78832  17.753
2  3.52777  22.7461
3  3.17485  26.8376
4  2.63025  30.5451
5  3.23517  27.6036
6  6.21251  41.6442
7  3.76886  35.3413
8  2.97357  35.7932
9  3.07557  31.3202
10  7.14057  39.2561
11  4.54484  33.8721
12  3.81656  43.1025
13  6.90826  59.2764
14  6.90826  56.1554
15  20.0263  84.0877
16  2.99573  40.6133
17  5.95746  49.8351
18  7.7481  62.0035
19  5.74642  49.3078
20  4.13691  43.8623
21  6.60191  47.5819
22  3.4057  44.3098
23  4.00058  43.3839
24  11.7088  49.1807
25  12.37  50.7123
26  12.37  84.3426
27  20.9315  82.7509
28  8.92385  122.711
29  19.6601  248.124
30  16.1847  310.025
31  32.2485  332.626
32  44.6874  346.367
33  11.61  189.114
34  33.7096  286.797
35  33.3331  261.452
36  45.0094  239.777
37  18.3633  252.91
38  28.9269  259.251
39  51.9473  358.723
40  28.701  258.276
41  26.3732  236.718
42  55.5554  612.901
43  16.768  253.679
44  12.8133  211.263
45  10.5774  195.803
46  21.3959  251.205
47  21.3959  285.427
48  13.8918  264.327
49  26.9526  470.423
50  24.5017  382.604
