1  4.63411  15.6375
2  2.27489  16.7536
3  10.7829  29.4842
4  7.06264  33.2134
5  9.67139  27.9136
6  5.50612  19.3079
7  14.247  61.5039
8  13.9934  81.7245
9  10.3726  61.5223
10  11.9437  89.5375
11  30.392  153.035
12  43.6459  147.597
13  32.3186  147.763
14  37.6788  326.784
15  33.9782  252.293
16  29.971  216.254
17  31.1921  212.5
18  57.8341  496.921
19  43.3237  223.104
20  14.2915  116.265
21  35.8253  295.932
22  29.3391  188.441
23  23.6421  126.044
24  67.0185  344.957
25  31.8218  197.828
26  82.5401  400.798
27  20.7577  237.587
28  40.3218  242.861
29  46.5177  369.722
30  72.9077  949.69
31  73.9641  574.248
32  59.654  675.479
33  98.0526  734.375
34  87.0731  770.347
35  103.122  1242.57
36  58.1707  552.935
37  72.1717  461.437
38  39.5135  189.372
39  81.3719  353.467
40  93.4377  721.873
41  97.5735  795.949
42  87.9804  695.453
43  86.6394  743.498
44  114.036  751.033
45  31.7681  467.525
46  49.6716  562.609
47  46.3712  538.078
48  77.5773  524.619
49  55.6181  600.495
50  121.648  809.175
