1 2.78832 0.35506
2 3.52777 0.454922
3 3.17485 0.536752
4 2.63025 0.610902
5 3.23517 0.552072
6 6.21251 0.832884
7 3.76886 0.706826
8 2.97357 0.715864
9 3.07557 0.626404
10 7.14057 0.785122
11 4.54484 0.677442
12 3.81656 0.86205
13 6.90826 1.18553
14 6.90826 1.12311
15 20.0263 1.68175
16 2.99573 0.812266
17 5.95746 0.996702
18 7.7481 1.24007
19 5.74642 0.986156
20 4.13691 0.877246
21 6.60191 0.951638
22 3.4057 0.886196
23 4.00058 0.867678
24 11.7088 0.983614
25 12.37 1.01425
26 12.37 1.68685
27 20.9315 1.65502
28 8.92385 2.45422
29 19.6601 4.96248
30 16.1847 6.2005
31 32.2485 6.65252
32 44.6874 6.92734
33 11.61 3.78228
34 33.7096 5.73594
35 33.3331 5.22904
36 45.0094 4.79554
37 18.3633 5.0582
38 28.9269 5.18502
39 51.9473 7.17446
40 28.701 5.16552
41 26.3732 4.73436
42 55.5554 12.258
43 16.768 5.07358
44 12.8133 4.22526
45 10.5774 3.91606
46 21.3959 5.0241
47 21.3959 5.70854
48 13.8918 5.28654
49 26.9526 9.40846
50 24.5017 7.65208
