1  1.88832  13.6017
2  2.52012  28.834
3  3.15784  22.8148
4  5.66416  27.2523
5  8.07821  65.9943
6  20.9004  68.1033
7  3.60844  54.997
8  6.47273  76.7023
9  7.42516  79.3462
10  10.7035  86.4499
11  4.42151  44.5632
12  17.6246  141.253
13  13.3315  140.188
14  21.9992  234.059
15  19.5803  283.059
16  37.3849  280.544
17  16.1135  233.186
18  11.3202  96.6807
19  30.7469  103.243
20  26.1276  263.181
21  22.6065  213.813
22  9.97546  158.036
23  10.2579  71.1101
24  5.82854  51.7716
25  6.04168  62.6483
26  11.5565  114.237
27  14.1544  144.921
28  5.74545  45.6
29  5.50731  62.1262
30  4.61122  56.62
31  7.68896  97.2939
32  5.23562  40.7984
33  7.35391  88.7443
34  7.89429  133.958
35  6.49181  125.321
36  6.5565  110.15
37  8.04831  98.65
38  5.30778  94.6311
39  5.18785  91.6346
40  5.92131  80.0281
41  3.64339  75.7537
42  12.6846  89.0255
43  4.27548  52.4428
44  4.41854  79.2302
45  6.29003  89.4559
46  2.1437  70.0977
47  3.47059  35.0955
48  2.67941  52.13
49  3.0274  72.7207
50  2.93293  47.6645
