1  2.18565  18.397
2  4.42663  22.9841
3  5.87277  95.2544
4  5.87277  140.969
5  7.12735  109.742
6  9.47387  146.411
7  8.26235  185.591
8  11.2977  166.107
9  10.7533  223.104
10  9.54873  238.366
11  8.14366  201.245
12  9.40652  237.623
13  7.76518  233.177
14  12.0299  269.368
15  9.26844  206.795
16  10.8805  201.011
17  10.7279  212.4
18  8.12238  230.329
19  9.80164  211.561
20  8.12238  194.15
21  9.21368  198.361
22  8.86027  220.567
23  8.52997  239.462
24  7.34242  211.728
25  7.86879  232.838
26  8.70372  222.331
27  7.47  217.899
28  7.73317  226.486
29  8.4691  204.697
30  7.44659  240.451
31  9.56271  236.847
32  7.55491  193.002
33  9.2816  191.441
34  9.7912  216.959
35  4.19009  50.0422
36  9.28268  129.316
37  9.74763  161.682
38  6.48193  115.291
39  13.2183  236.419
40  17.2305  208.915
41  10.2691  146.617
42  14.5549  153.707
43  12.1337  362.429
44  12.401  242.558
45  9.95099  279.827
46  12.6146  287.47
47  13.5897  269.98
48  13.3107  219.23
49  16.2006  306.155
50  11.4254  338.328
