1  1.76599  19.3005
2  4.29916  23.1292
3  2.40138  26.6028
4  2.77697  34.0398
5  4.02157  26.9504
6  5.7565  32.5903
7  6.12562  53.4539
8  7.65531  84.0497
9  6.48019  78.0521
10  5.43806  94.6109
11  6.56038  95.735
12  8.70703  97.3743
13  20.4677  190.466
14  16.0485  194.589
15  17.3913  234.207
16  14.1275  203.933
17  12.0429  208.096
18  11.7982  206.857
19  11.0536  206.256
20  13.6656  254.382
21  14.3556  273.619
22  12.3813  269.933
23  15.4171  255.718
24  21.3936  316.568
25  19.388  288.141
26  16.678  286.71
27  16.2612  282.793
28  23.5024  322.488
29  15.9066  321.514
30  22.033  365.9
31  20.4909  372.889
32  16.3907  334.047
33  16.9121  293.252
34  14.7692  285.458
35  22.4757  376.314
36  21.1507  356.045
37  21.2432  384.617
38  18.4818  357.611
39  15.4475  284.452
40  17.6321  378.96
41  21.5609  385.074
42  24.3761  414.286
43  15.527  356.865
44  17.0367  377.768
45  19.9094  377.541
46  21.5793  383.206
47  22.9918  483.275
48  22.4864  491.839
49  21.2865  448.875
50  22.3734  415.42
51  18.8859  464.781
52  20.1034  423.773
53  24.8042  440.223
54  19.7147  421.026
55  22.2979  407.289
56  20.5819  453.249
57  25.8016  404.419
58  18.5738  302.346
59  24.8036  402.236
60  20.245  424.164
61  19.0823  385.374
62  20.6225  365.487
63  23.5227  403.933
64  20.0413  376.02
65  23.1966  374.75
66  25.3227  438.576
67  22.0637  421.857
68  19.8716  447.712
69  25.2978  340.32
70  16.1206  288.384
71  22.2311  322.271
72  18.0937  275.909
73  16.1636  369.595
74  23.672  438.155
75  21.8054  362.631
76  18.5106  362.971
77  22.0187  406.503
78  19.4172  410.275
79  21.2104  411.867
80  21.3599  414.395
81  26.4634  480.105
82  25.326  466.389
83  20.5024  363.885
84  18.924  413.456
85  25.7657  430.482
86  25.7657  451.535
87  22.2297  481.76
88  22.2297  400.908
89  23.3029  436.698
90  17.5056  397.809
91  18.3067  374.779
92  21.0522  383.626
93  21.0522  366.974
94  20.5482  423.976
95  23.8611  371.603
96  20.6889  374.546
97  18.4706  295.67
98  24.1938  357.618
99  17.9916  287.908
100  26.1185  330.554
