1 1.85125 0.227914
2 4.00913 0.462115
3 8.50675 0.597673
4 4.72733 0.63262
5 6.09289 0.749264
6 13.56 0.882716
7 8.76574 0.94116
8 13.4793 1.45785
9 16.7005 1.50251
10 11.7029 2.36338
11 16.9928 2.92285
12 292.041 6.5289
13 292.041 31.2407
14 444.319 73.6469
15 483.822 87.5583
16 520.482 97.5792
17 360.447 77.2628
18 654.14 89.8271
19 654.14 74.5209
20 654.14 76.1665
21 654.14 84.3514
22 654.14 125.564
23 654.14 215.722
24 654.14 200.614
25 654.14 255.368
26 654.14 214.516
27 654.14 230.807
28 654.14 250.942
29 654.14 222.947
30 654.14 238.015
31 654.14 180.58
32 654.14 189.377
33 654.14 148.415
34 376.172 63.9409
35 557.358 71.4487
36 557.358 97.1606
37 557.358 109.244
38 557.358 133.139
39 557.358 162.586
40 557.358 149.459
41 663.253 189.161
42 557.358 176.981
43 708.517 242.08
44 557.358 241.011
45 557.358 183.536
46 557.358 234.862
47 557.358 223.29
48 557.358 224.23
49 557.358 202.884
50 557.358 169.21
51 557.358 177.722
