1  1.85125  22.7914
2  4.00913  46.2115
3  8.50675  59.7673
4  4.72733  63.262
5  6.09289  74.9264
6  13.56  88.2716
7  8.76574  94.116
8  13.4793  145.785
9  16.7005  150.251
10  11.7029  236.338
11  16.9928  292.285
12  292.041  652.89
13  292.041  3124.07
14  444.319  7364.69
15  483.822  8755.83
16  520.482  9757.92
17  360.447  7726.28
18  654.14  8982.71
19  654.14  7452.09
20  654.14  7616.65
21  654.14  8435.14
22  654.14  12556.4
23  654.14  21572.2
24  654.14  20061.4
25  654.14  25536.8
26  654.14  21451.6
27  654.14  23080.7
28  654.14  25094.2
29  654.14  22294.7
30  654.14  23801.5
31  654.14  18058
32  654.14  18937.7
33  654.14  14841.5
34  376.172  6394.09
35  557.358  7144.87
36  557.358  9716.06
37  557.358  10924.4
38  557.358  13313.9
39  557.358  16258.6
40  557.358  14945.9
41  663.253  18916.1
42  557.358  17698.1
43  708.517  24208
44  557.358  24101.1
45  557.358  18353.6
46  557.358  23486.2
47  557.358  22329
48  557.358  22423
49  557.358  20288.4
50  557.358  16921
51  557.358  17772.2
