500	0.999752	-1	1	-0.336908	-0.891184	-0.899597	0.544971	0	-0.658324	0.802288	
501	0.999752	-1	1	-0.336908	-0.891184	-0.899597	0.544971	0	-0.658324	0.802288	
502	0.999752	-1	1	-0.336908	-0.891184	-0.899597	0.544971	0	-0.658324	0.802288	
503	0.999752	-1	1	-0.336908	-0.891184	-0.899597	0.544971	0	-0.658324	0.802288	
504	0.999752	-1	1	-0.336908	-0.891184	-0.899597	0.544971	0	-0.658324	0.802288	
505	0.999752	-1	1	-0.336908	-0.891184	-0.899597	0.544971	0	-0.658324	0.802288	
506	0.999752	-1	1	-0.336908	-0.891184	-0.899597	0.544971	0	-0.658324	0.802288	
507	0.999752	-1	1	-0.336908	-0.891184	-0.899597	0.544971	0	-0.658324	0.802288	
508	0.999752	-1	1	-0.336908	-0.891184	-0.899597	0.544971	0	-0.658324	0.802288	
509	0.999752	-1	1	-0.336908	-0.891184	-0.899597	0.544971	0	-0.658324	0.802288	
510	0.999752	-1	1	-0.336908	-0.891184	-0.899597	0.544971	0	-0.658324	0.802288	
511	0.999752	-1	1	-0.336908	-0.891184	-0.899597	0.544971	0	-0.658324	0.802288	
512	0.999752	-1	1	-0.336908	-0.891184	-0.899597	0.544971	0	-0.658324	0.802288	
513	0.999752	-1	1	-0.336908	-0.891184	-0.899597	0.544971	0	-0.658324	0.802288	
514	0.999752	-1	1	-0.336908	-0.891184	-0.899597	0.544971	0	-0.658324	0.802288	
515	0.999752	-1	1	-0.336908	-0.891184	-0.899597	0.544971	0	-0.658324	0.802288	
516	0.999752	-1	1	-0.336908	-0.891184	-0.899597	0.544971	0	-0.658324	0.802288	
517	0.999752	-1	1	-0.336908	-0.891184	-0.899597	0.544971	0	-0.658324	0.802288	
518	0.999752	-1	1	-0.336908	-0.891184	-0.899597	0.544971	0	-0.658324	0.802288	
519	0.999752	-1	1	-0.336908	-0.891184	-0.899597	0.544971	0	-0.658324	0.802288	
520	0.999752	-1	1	-0.336908	-0.891184	-0.899597	0.544971	0	-0.658324	0.802288	
521	0.999752	-1	1	-0.336908	-0.891184	-0.899597	0.544971	0	-0.658324	0.802288	
522	0.999752	-1	1	-0.336908	-0.891184	-0.899597	0.544971	0	-0.658324	0.802288	
523	0.999752	-1	1	-0.336908	-0.891184	-0.899597	0.544971	0	-0.658324	0.802288	
524	0.999752	-1	1	-0.336908	-0.891184	-0.899597	0.544971	0	-0.658324	0.802288	
525	0.999752	-1	1	-0.336908	-0.891184	-0.899597	0.544971	0	-0.658324	0.802288	
526	0.999752	-1	1	-0.336908	-0.891184	-0.899597	0.544971	0	-0.658324	0.802288	
527	0.999752	-1	1	-0.336908	-0.891184	-0.899597	0.544971	0	-0.658324	0.802288	
528	0.999752	-1	1	-0.336908	-0.891184	-0.899597	0.544971	0	-0.658324	0.802288	
529	0.999752	-1	1	-0.336908	-0.891184	-0.899597	0.544971	0	-0.658324	0.802288	
530	0.999752	-1	1	-0.336908	-0.891184	-0.899597	0.544971	0	-0.658324	0.802288	
531	0.999752	-1	1	-0.336908	-0.891184	-0.899597	0.544971	0	-0.658324	0.802288	
532	0.999752	-1	1	-0.336908	-0.891184	-0.899597	0.544971	0	-0.658324	0.802288	
533	0.999752	-1	1	-0.336908	-0.891184	-0.899597	0.544971	0	-0.658324	0.802288	
534	0.999752	-1	1	-0.336908	-0.891184	-0.899597	0.544971	0	-0.658324	0.802288	
535	0.999752	-1	1	-0.336908	-0.891184	-0.899597	0.544971	0	-0.658324	0.802288	
536	0.999752	-1	1	-0.336908	-0.891184	-0.899597	0.544971	0	-0.658324	0.802288	
537	0.999752	-1	1	-0.336908	-0.891184	-0.899597	0.544971	0	-0.658324	0.802288	
538	0.999752	-1	1	-0.336908	-0.891184	-0.899597	0.544971	0	-0.658324	0.802288	
539	0.999752	-1	1	-0.336908	-0.891184	-0.899597	0.544971	0	-0.658324	0.802288	
540	0.999752	-1	1	-0.336908	-0.891184	-0.899597	0.544971	0	-0.658324	0.802288	
541	0.999752	-1	1	-0.336908	-0.891184	-0.899597	0.544971	0	-0.658324	0.802288	
542	0.999752	-1	1	-0.336908	-0.891184	-0.899597	0.544971	0	-0.658324	0.802288	
543	0.999752	-1	1	-0.336908	-0.891184	-0.899597	0.544971	0	-0.658324	0.802288	
544	0.999752	-1	1	-0.336908	-0.891184	-0.899597	0.544971	0	-0.658324	0.802288	
545	0.999752	-1	1	-0.336908	-0.891184	-0.899597	0.544971	0	-0.658324	0.802288	
546	0.999752	-1	1	-0.336908	-0.891184	-0.899597	0.544971	0	-0.658324	0.802288	
547	0.999752	-1	1	-0.336908	-0.891184	-0.899597	0.544971	0	-0.658324	0.802288	
548	0.999752	-1	1	-0.336908	-0.891184	-0.899597	0.544971	0	-0.658324	0.802288	
549	0.999752	-1	1	-0.336908	-0.891184	-0.899597	0.544971	0	-0.658324	0.802288	
550	0.999752	-1	1	-0.336907	-0.891184	-0.899596	0.544971	0	-0.658324	0.802288	
551	0.999752	-1	1	-0.336907	-0.891184	-0.899596	0.544971	0	-0.658324	0.802288	
552	0.999752	-1	1	-0.336907	-0.891184	-0.899596	0.544971	0	-0.658324	0.802287	
553	0.999752	-1	1	-0.336907	-0.891183	-0.899596	0.54497	0	-0.658323	0.802287	
554	0.999752	-1	1	-0.336905	-0.891182	-0.899594	0.544968	0	-0.65832	0.802285	
555	0.999752	-1	1	-0.336901	-0.891178	-0.899591	0.544962	0	-0.658314	0.802279	
556	0.999752	-1	1	-0.33689	-0.891167	-0.89958	0.544946	0	-0.658298	0.802265	
557	0.999752	-1	1	-0.336859	-0.891138	-0.899553	0.544904	0	-0.658254	0.802226	
558	0.999751	-1	1	-0.336774	-0.891058	-0.899476	0.544786	0	-0.658132	0.802118	
559	0.999749	-1	1	-0.336538	-0.890834	-0.899263	0.54446	0	-0.657792	0.801819	
560	0.999745	-1	1	-0.335879	-0.890208	-0.898665	0.543548	0	-0.656841	0.800981	
561	0.999731	-1	1	-0.334037	-0.888441	-0.896978	0.540994	6.66134e-16	-0.654175	0.798625	
562	0.999688	-1	1	-0.328929	-0.883415	-0.892172	0.53388	8.14016e-13	-0.646717	0.791979	
563	0.999538	-1	1	-0.315216	-0.868957	-0.878308	0.514539	1.14265e-09	-0.626215	0.773304	
564	0.99881	-1	1	-0.281624	-0.827026	-0.837786	0.465727	1.64222e-06	-0.573075	0.722222	
565	0.99276	-1	1	-0.206619	-0.711907	-0.726392	0.36524	0.00239439	-0.454746	0.598104	
566	0.893476	-1	1	0.999884	-0.165653	-0.967596	0.690252	0.857091	0.814467	0.388937	
567	0.397445	-0.992734	0.999842	1	0.310729	-0.98954	0.794251	0.965032	0.97127	0.190575	
568	-0.0426349	0.51914	0.953553	1	0.437053	-0.985893	0.769983	0.965086	0.975573	0.0789852	
569	-0.229867	0.962023	0.598281	1	0.484871	-0.984028	0.75918	0.965086	0.977143	0.0321181	
570	-0.296536	0.986497	0.243917	1	0.502079	-0.983268	0.755024	0.965086	0.977705	0.0145203	
571	-0.319977	0.990729	0.089109	1	0.508203	-0.982985	0.753506	0.965086	0.977904	0.00815688	
572	-0.328277	0.991899	0.0322027	1	0.510383	-0.982882	0.752961	0.965086	0.977975	0.00587861	
573	-0.331237	0.992281	0.0117472	1	0.511163	-0.982846	0.752765	0.965086	0.978001	0.00506246	
574	-0.332302	0.992414	0.00437934	1	0.511443	-0.982832	0.752695	0.965086	0.97801	0.00476863	
575	-0.332688	0.992462	0.0017072	1	0.511545	-0.982827	0.752669	0.965086	0.978013	0.00466207	
576	-0.332829	0.992479	0.000729576	1	0.511582	-0.982826	0.75266	0.965086	0.978015	0.00462308	
577	-0.332881	0.992485	0.000368306	1	0.511596	-0.982825	0.752656	0.965086	0.978015	0.00460867	
578	-0.3329	0.992488	0.000233308	1	0.511601	-0.982825	0.752655	0.965086	0.978015	0.00460329	
579	-0.332908	0.992489	0.000182243	1	0.511603	-0.982825	0.752655	0.965086	0.978015	0.00460125	
580	-0.33291	0.992489	0.00016267	1	0.511603	-0.982825	0.752654	0.965086	0.978015	0.00460047	
581	-0.332912	0.992489	0.00015506	1	0.511604	-0.982825	0.752654	0.965086	0.978015	0.00460017	
582	-0.332912	0.992489	0.000152056	1	0.511604	-0.982825	0.752654	0.965086	0.978015	0.00460005	
583	-0.332912	0.992489	0.000150851	1	0.511604	-0.982825	0.752654	0.965086	0.978015	0.0046	
584	-0.332912	0.992489	0.000150359	1	0.511604	-0.982825	0.752654	0.965086	0.978015	0.00459998	
585	-0.332912	0.992489	0.000150154	1	0.511604	-0.982825	0.752654	0.965086	0.978015	0.00459997	
586	-0.332912	0.992489	0.000150068	1	0.511604	-0.982825	0.752654	0.965086	0.978015	0.00459997	
587	-0.332912	0.992489	0.000150031	1	0.511604	-0.982825	0.752654	0.965086	0.978015	0.00459997	
588	-0.332912	0.992489	0.000150014	1	0.511604	-0.982825	0.752654	0.965086	0.978015	0.00459997	
589	-0.332912	0.992489	0.000150007	1	0.511604	-0.982825	0.752654	0.965086	0.978015	0.00459997	
590	-0.332912	0.992489	0.000150003	1	0.511604	-0.982825	0.752654	0.965086	0.978015	0.00459997	
591	-0.332912	0.992489	0.000150002	1	0.511604	-0.982825	0.752654	0.965086	0.978015	0.00459997	
592	-0.332912	0.992489	0.000150001	1	0.511604	-0.982825	0.752654	0.965086	0.978015	0.00459997	
593	-0.332912	0.992489	0.00015	1	0.511604	-0.982825	0.752654	0.965086	0.978015	0.00459997	
594	-0.332912	0.992489	0.00015	1	0.511604	-0.982825	0.752654	0.965086	0.978015	0.00459997	
595	-0.332912	0.992489	0.00015	1	0.511604	-0.982825	0.752654	0.965086	0.978015	0.00459997	
596	-0.332912	0.992489	0.00015	1	0.511604	-0.982825	0.752654	0.965086	0.978015	0.00459997	
597	-0.332912	0.992489	0.00015	1	0.511604	-0.982825	0.752654	0.965086	0.978015	0.00459997	
598	-0.332912	0.992489	0.00015	1	0.511604	-0.982825	0.752654	0.965086	0.978015	0.00459997	
599	-0.332912	0.992489	0.00015	1	0.511604	-0.982825	0.752654	0.965086	0.978015	0.00459997	
600	-0.332912	0.992489	0.00015	1	0.511604	-0.982825	0.752654	0.965086	0.978015	0.00459997	
601	-0.332912	0.992489	0.00015	1	0.511604	-0.982825	0.752654	0.965086	0.978015	0.00459997	
602	-0.332912	0.992489	0.00015	1	0.511604	-0.982825	0.752654	0.965086	0.978015	0.00459997	
603	-0.332912	0.992489	0.00015	1	0.511604	-0.982825	0.752654	0.965086	0.978015	0.00459997	
604	-0.332912	0.992489	0.00015	1	0.511604	-0.982825	0.752654	0.965086	0.978015	0.00459997	
605	-0.332912	0.992489	0.00015	1	0.511604	-0.982825	0.752654	0.965086	0.978015	0.00459997	
606	-0.332912	0.992489	0.00015	1	0.511604	-0.982825	0.752654	0.965086	0.978015	0.00459997	
607	-0.332912	0.992489	0.00015	1	0.511604	-0.982825	0.752654	0.965086	0.978015	0.00459997	
608	-0.332912	0.992489	0.00015	1	0.511604	-0.982825	0.752654	0.965086	0.978015	0.00459997	
609	-0.332912	0.992489	0.00015	1	0.511604	-0.982825	0.752654	0.965086	0.978015	0.00459997	
610	-0.332912	0.992489	0.00015	1	0.511604	-0.982825	0.752654	0.965086	0.978015	0.00459997	
611	-0.332912	0.992489	0.00015	1	0.511604	-0.982825	0.752654	0.965086	0.978015	0.00459997	
612	-0.332912	0.992489	0.00015	1	0.511604	-0.982825	0.752654	0.965086	0.978015	0.00459997	
613	-0.332912	0.992489	0.00015	1	0.511604	-0.982825	0.752654	0.965086	0.978015	0.00459997	
614	-0.332912	0.992489	0.00015	1	0.511604	-0.982825	0.752654	0.965086	0.978015	0.00459997	
615	-0.332912	0.992489	0.00015	1	0.511604	-0.982825	0.752654	0.965086	0.978015	0.00459997	
616	-0.332912	0.992489	0.00015	1	0.511604	-0.982825	0.752654	0.965086	0.978015	0.00459997	
617	-0.332912	0.992489	0.00015	1	0.511604	-0.982825	0.752654	0.965086	0.978015	0.00459997	
618	-0.332912	0.992489	0.00015	1	0.511604	-0.982825	0.752654	0.965086	0.978015	0.00459997	
619	-0.332912	0.992489	0.00015	1	0.511604	-0.982825	0.752654	0.965086	0.978015	0.00459997	
620	-0.332912	0.992489	0.00015	1	0.511604	-0.982825	0.752654	0.965086	0.978015	0.00459997	
621	-0.332912	0.992489	0.00015	1	0.511604	-0.982825	0.752654	0.965086	0.978015	0.00459997	
622	-0.332912	0.992489	0.00015	1	0.511604	-0.982825	0.752654	0.965086	0.978015	0.00459997	
623	-0.332912	0.992489	0.00015	1	0.511604	-0.982825	0.752654	0.965086	0.978015	0.00459997	
624	-0.332912	0.992489	0.00015	1	0.511604	-0.982825	0.752654	0.965086	0.978015	0.00459997	
625	-0.332912	0.992489	0.00015	1	0.511604	-0.982825	0.752654	0.965086	0.978015	0.00459997	
626	-0.332912	0.992489	0.00015	1	0.511604	-0.982825	0.752654	0.965086	0.978015	0.00459997	
627	-0.332912	0.992489	0.00015	1	0.511604	-0.982825	0.752654	0.965086	0.978015	0.00459997	
628	-0.332912	0.992489	0.00015	1	0.511604	-0.982825	0.752654	0.965086	0.978015	0.00459997	
629	-0.332912	0.992489	0.00015	1	0.511604	-0.982825	0.752654	0.965086	0.978015	0.00459997	
630	-0.332912	0.992489	0.00015	1	0.511604	-0.982825	0.752654	0.965086	0.978015	0.00459997	
631	-0.332912	0.992489	0.00015	1	0.511604	-0.982825	0.752654	0.965086	0.978015	0.00459997	
632	-0.332912	0.992489	0.00015	1	0.511604	-0.982825	0.752654	0.965086	0.978015	0.00459997	
633	-0.332912	0.992489	0.000150001	1	0.511604	-0.982825	0.752654	0.965086	0.978015	0.00459997	
634	-0.332912	0.992489	0.000150001	1	0.511604	-0.982825	0.752654	0.965086	0.978015	0.00459997	
635	-0.332912	0.992489	0.000150003	1	0.511604	-0.982825	0.752654	0.965086	0.978015	0.00459997	
636	-0.332912	0.992489	0.000150006	1	0.511604	-0.982825	0.752654	0.965086	0.978015	0.00459997	
637	-0.332912	0.992489	0.000150012	1	0.511604	-0.982825	0.752654	0.965086	0.978015	0.00459997	
638	-0.332912	0.992489	0.000150026	1	0.511604	-0.982825	0.752654	0.965086	0.978015	0.00459997	
639	-0.332912	0.992489	0.000150057	1	0.511604	-0.982825	0.752654	0.965086	0.978015	0.00459997	
640	-0.332912	0.992489	0.000150129	1	0.511604	-0.982825	0.752654	0.965086	0.978015	0.00459997	
641	-0.332912	0.992489	0.000150297	1	0.511604	-0.982825	0.752654	0.965086	0.978015	0.00459998	
642	-0.332912	0.992489	0.000150702	1	0.511604	-0.982825	0.752654	0.965086	0.978015	0.0046	
643	-0.332912	0.992489	0.000151689	1	0.511604	-0.982825	0.752654	0.965086	0.978015	0.00460003	
644	-0.332912	0.992489	0.00015414	1	0.511604	-0.982825	0.752654	0.965086	0.978015	0.00460013	
645	-0.332911	0.992489	0.000160328	1	0.511604	-0.982825	0.752654	0.965086	0.978015	0.00460038	
646	-0.332909	0.992489	0.000176191	1	0.511603	-0.982825	0.752655	0.965086	0.978015	0.00460101	
647	-0.332903	0.992488	0.00021745	1	0.511601	-0.982825	0.752655	0.965086	0.978015	0.00460266	
648	-0.332887	0.992486	0.000326215	1	0.511597	-0.982825	0.752656	0.965086	0.978015	0.00460699	
649	-0.332845	0.992481	0.000616526	1	0.511586	-0.982825	0.752659	0.965086	0.978015	0.00461857	
650	-0.332732	0.992467	0.00140027	1	0.511556	-0.982827	0.752666	0.965086	0.978014	0.00464983	
651	-0.332423	0.992429	0.00353796	1	0.511475	-0.982831	0.752687	0.965086	0.978011	0.00473507	
652	-0.331573	0.992323	0.00942152	1	0.511251	-0.982841	0.752743	0.965086	0.978004	0.00496971	
653	-0.329214	0.992021	0.0257352	1	0.51063	-0.982871	0.752899	0.965086	0.977984	0.00562048	
654	-0.32261	0.991117	0.0711377	1	0.508894	-0.982953	0.753334	0.965086	0.977927	0.00743559	
655	-0.303991	0.98801	0.195893	1	0.504021	-0.983179	0.754544	0.965086	0.977768	0.0125077	
656	-0.251097	0.972525	0.501745	1	0.490323	-0.983793	0.75788	0.965086	0.977321	0.0265865	
657	-0.101375	0.764249	0.906169	1	0.452095	-0.985342	0.766695	0.965086	0.976068	0.0645492	
658	0.277092	-0.948183	0.999156	1	0.349369	-0.988594	0.787474	0.965086	0.972639	0.158196	
659	0.792845	-1	1	1	0.111968	-0.993193	0.825077	0.965059	0.96396	0.340553	
660	0.97971	-1	1	0.999985	-0.356991	-0.990667	0.80352	0.916346	0.861351	0.559652	
661	0.998355	-1	1	-0.252713	-0.809711	-0.823198	0.450258	0.00476067	-0.550076	0.70275	
662	0.999464	-1	1	-0.31001	-0.863098	-0.872673	0.507123	3.26558e-06	-0.618265	0.765907	
663	0.999669	-1	1	-0.326925	-0.881391	-0.890235	0.531076	2.26806e-09	-0.643765	0.789326	
664	0.999725	-1	1	-0.333306	-0.887733	-0.896302	0.539979	1.61182e-12	-0.653114	0.797684	
665	0.999743	-1	1	-0.335617	-0.889958	-0.898426	0.543185	1.11022e-15	-0.656463	0.800648	
666	0.999749	-1	1	-0.336444	-0.890745	-0.899178	0.544331	0	-0.657657	0.8017	
667	0.999751	-1	1	-0.33674	-0.891026	-0.899446	0.54474	0	-0.658083	0.802076	
668	0.999752	-1	1	-0.336847	-0.891126	-0.899542	0.544887	0	-0.658236	0.802211	
669	0.999752	-1	1	-0.336885	-0.891163	-0.899576	0.54494	0	-0.658292	0.80226	
670	0.999752	-1	1	-0.336899	-0.891176	-0.899589	0.54496	0	-0.658312	0.802277	
671	0.999752	-1	1	-0.336904	-0.891181	-0.899594	0.544967	0	-0.65832	0.802284	
672	0.999752	-1	1	-0.336906	-0.891183	-0.899595	0.54497	0	-0.658322	0.802286	
673	0.999752	-1	1	-0.336907	-0.891184	-0.899596	0.544971	0	-0.658323	0.802287	
674	0.999752	-1	1	-0.336907	-0.891184	-0.899596	0.544971	0	-0.658324	0.802288	
675	0.999752	-1	1	-0.336907	-0.891184	-0.899596	0.544971	0	-0.658324	0.802288	
676	0.999752	-1	1	-0.336908	-0.891184	-0.899597	0.544971	0	-0.658324	0.802288	
677	0.999752	-1	1	-0.336908	-0.891184	-0.899597	0.544971	0	-0.658324	0.802288	
678	0.999752	-1	1	-0.336908	-0.891184	-0.899597	0.544971	0	-0.658324	0.802288	
679	0.999752	-1	1	-0.336908	-0.891184	-0.899597	0.544971	0	-0.658324	0.802288	
680	0.999752	-1	1	-0.336908	-0.891184	-0.899597	0.544971	0	-0.658324	0.802288	
681	0.999752	-1	1	-0.336908	-0.891184	-0.899597	0.544971	0	-0.658324	0.802288	
682	0.999752	-1	1	-0.336908	-0.891184	-0.899597	0.544971	0	-0.658324	0.802288	
683	0.999752	-1	1	-0.336908	-0.891184	-0.899597	0.544971	0	-0.658324	0.802288	
684	0.999752	-1	1	-0.336908	-0.891184	-0.899597	0.544971	0	-0.658324	0.802288	
685	0.999752	-1	1	-0.336908	-0.891184	-0.899597	0.544971	0	-0.658324	0.802288	
686	0.999752	-1	1	-0.336908	-0.891184	-0.899597	0.544971	0	-0.658324	0.802288	
687	0.999752	-1	1	-0.336908	-0.891184	-0.899597	0.544971	0	-0.658324	0.802288	
688	0.999752	-1	1	-0.336908	-0.891184	-0.899597	0.544971	0	-0.658324	0.802288	
689	0.999752	-1	1	-0.336908	-0.891184	-0.899597	0.544971	0	-0.658324	0.802288	
690	0.999752	-1	1	-0.336908	-0.891184	-0.899597	0.544971	0	-0.658324	0.802288	
691	0.999752	-1	1	-0.336908	-0.891184	-0.899597	0.544971	0	-0.658324	0.802288	
692	0.999752	-1	1	-0.336908	-0.891184	-0.899597	0.544971	0	-0.658324	0.802288	
693	0.999752	-1	1	-0.336908	-0.891184	-0.899597	0.544971	0	-0.658324	0.802288	
694	0.999752	-1	1	-0.336908	-0.891184	-0.899597	0.544971	0	-0.658324	0.802288	
695	0.999752	-1	1	-0.336908	-0.891184	-0.899597	0.544971	0	-0.658324	0.802288	
696	0.999752	-1	1	-0.336908	-0.891184	-0.899597	0.544971	0	-0.658324	0.802288	
697	0.999752	-1	1	-0.336908	-0.891184	-0.899597	0.544971	0	-0.658324	0.802288	
698	0.999752	-1	1	-0.336908	-0.891184	-0.899597	0.544971	0	-0.658324	0.802288	
699	0.999752	-1	1	-0.336908	-0.891184	-0.899597	0.544971	0	-0.658324	0.802288	
700	0.999752	-1	1	-0.336908	-0.891184	-0.899597	0.544971	0	-0.658324	0.802288	
701	0.999752	-1	1	-0.336908	-0.891184	-0.899597	0.544971	0	-0.658324	0.802288	
702	0.999752	-1	1	-0.336908	-0.891184	-0.899597	0.544971	0	-0.658324	0.802288	
703	0.999752	-1	1	-0.336908	-0.891184	-0.899597	0.544971	0	-0.658324	0.802288	
704	0.999752	-1	1	-0.336908	-0.891184	-0.899597	0.544971	0	-0.658324	0.802288	
705	0.999752	-1	1	-0.336908	-0.891184	-0.899597	0.544971	0	-0.658324	0.802288	
706	0.999752	-1	1	-0.336908	-0.891184	-0.899597	0.544971	0	-0.658324	0.802288	
707	0.999752	-1	1	-0.336908	-0.891184	-0.899597	0.544971	0	-0.658324	0.802288	
708	0.999752	-1	1	-0.336908	-0.891184	-0.899597	0.544971	0	-0.658324	0.802288	
709	0.999752	-1	1	-0.336908	-0.891184	-0.899597	0.544971	0	-0.658324	0.802288	
710	0.999752	-1	1	-0.336908	-0.891184	-0.899597	0.544971	0	-0.658324	0.802288	
711	0.999752	-1	1	-0.336908	-0.891184	-0.899597	0.544971	0	-0.658324	0.802288	
712	0.999752	-1	1	-0.336908	-0.891184	-0.899597	0.544971	0	-0.658324	0.802288	
713	0.999752	-1	1	-0.336908	-0.891184	-0.899597	0.544971	0	-0.658324	0.802288	
714	0.999752	-1	1	-0.336908	-0.891184	-0.899597	0.544971	0	-0.658324	0.802288	
715	0.999752	-1	1	-0.336908	-0.891184	-0.899597	0.544971	0	-0.658324	0.802288	
716	0.999752	-1	1	-0.336908	-0.891184	-0.899597	0.544971	0	-0.658324	0.802288	
717	0.999752	-1	1	-0.336908	-0.891184	-0.899597	0.544971	0	-0.658324	0.802288	
718	0.999752	-1	1	-0.336908	-0.891184	-0.899597	0.544971	0	-0.658324	0.802288	
719	0.999752	-1	1	-0.336908	-0.891184	-0.899597	0.544971	0	-0.658324	0.802288	
720	0.999752	-1	1	-0.336908	-0.891184	-0.899597	0.544971	0	-0.658324	0.802288	
721	0.999752	-1	1	-0.336908	-0.891184	-0.899597	0.544971	0	-0.658324	0.802288	
722	0.999752	-1	1	-0.336908	-0.891184	-0.899597	0.544971	0	-0.658324	0.802288	
723	0.999752	-1	1	-0.336908	-0.891184	-0.899597	0.544971	0	-0.658324	0.802288	
724	0.999752	-1	1	-0.336908	-0.891184	-0.899597	0.544971	0	-0.658324	0.802288	
725	0.999752	-1	1	-0.336908	-0.891184	-0.899597	0.544971	0	-0.658324	0.802288	
726	0.999752	-1	1	-0.336908	-0.891184	-0.899597	0.544971	0	-0.658324	0.802288	
727	0.999752	-1	1	-0.336908	-0.891184	-0.899597	0.544971	0	-0.658324	0.802288	
728	0.999752	-1	1	-0.336908	-0.891184	-0.899597	0.544971	0	-0.658324	0.802288	
729	0.999752	-1	1	-0.336908	-0.891184	-0.899597	0.544971	0	-0.658324	0.802288	
730	0.999752	-1	1	-0.336908	-0.891184	-0.899597	0.544971	0	-0.658324	0.802288	
731	0.999752	-1	1	-0.336908	-0.891184	-0.899597	0.544971	0	-0.658324	0.802288	
732	0.999752	-1	1	-0.336908	-0.891184	-0.899597	0.544971	0	-0.658324	0.802288	
733	0.999752	-1	1	-0.336908	-0.891184	-0.899597	0.544971	0	-0.658324	0.802288	
734	0.999752	-1	1	-0.336908	-0.891184	-0.899597	0.544971	0	-0.658324	0.802288	
735	0.999752	-1	1	-0.336908	-0.891184	-0.899597	0.544971	0	-0.658324	0.802288	
736	0.999752	-1	1	-0.336908	-0.891184	-0.899597	0.544971	0	-0.658324	0.802288	
737	0.999752	-1	1	-0.336908	-0.891184	-0.899597	0.544971	0	-0.658324	0.802288	
738	0.999752	-1	1	-0.336908	-0.891184	-0.899596	0.544971	0	-0.658324	0.802288	
739	0.999752	-1	1	-0.336907	-0.891184	-0.899596	0.544971	0	-0.658324	0.802288	
740	0.999752	-1	1	-0.336907	-0.891184	-0.899596	0.544971	0	-0.658324	0.802288	
741	0.999752	-1	1	-0.336907	-0.891183	-0.899596	0.54497	0	-0.658323	0.802287	
742	0.999752	-1	1	-0.336906	-0.891183	-0.899595	0.544969	0	-0.658322	0.802286	
743	0.999752	-1	1	-0.336903	-0.89118	-0.899593	0.544966	0	-0.658318	0.802283	
744	0.999752	-1	1	-0.336897	-0.891174	-0.899587	0.544956	0	-0.658308	0.802274	
745	0.999752	-1	1	-0.336878	-0.891156	-0.89957	0.54493	0	-0.658281	0.80225	
746	0.999751	-1	1	-0.336827	-0.891107	-0.899523	0.544859	0	-0.658207	0.802185	
747	0.99975	-1	1	-0.336684	-0.890973	-0.899395	0.544663	0	-0.658003	0.802005	
748	0.999748	-1	1	-0.336289	-0.890598	-0.899037	0.544115	0	-0.657432	0.801502	
749	0.999739	-1	1	-0.335181	-0.889542	-0.898029	0.542582	0	-0.655833	0.800092	
750	0.999715	-1	1	-0.332093	-0.886551	-0.895172	0.538294	2.26485e-14	-0.651349	0.796116	
751	0.999637	-1	1	-0.323632	-0.878	-0.886987	0.526451	3.13882e-11	-0.638881	0.784911	
752	0.999322	-1	1	-0.301705	-0.853256	-0.863185	0.495145	4.46303e-08	-0.605335	0.753686	
753	0.997348	-1	1	-0.252361	-0.782319	-0.794189	0.422003	6.47119e-05	-0.523815	0.671645	
754	0.976328	-1	1	0.178325	-0.592676	-0.683167	0.333536	0.0904028	-0.282185	0.498699	
755	0.670806	-0.999976	0.999999	1	0.188477	-0.991318	0.808217	0.963064	0.965086	0.280203	
756	0.139603	-0.64234	0.995036	1	0.388839	-0.987475	0.779921	0.965085	0.97397	0.12352	
757	-0.160206	0.894391	0.813339	1	0.467085	-0.984761	0.76332	0.965086	0.976561	0.0498878	
758	-0.272016	0.980129	0.391261	1	0.495718	-0.983555	0.756578	0.965086	0.977497	0.0210725	
759	-0.311341	0.989343	0.147358	1	0.505941	-0.98309	0.754069	0.965086	0.977831	0.0105132	
760	-0.325211	0.991484	0.0533033	1	0.509577	-0.98292	0.753163	0.965086	0.977949	0.00672163	
761	-0.330141	0.992141	0.019327	1	0.510874	-0.982859	0.752838	0.965086	0.977991	0.00536481	
762	-0.331907	0.992365	0.00711442	1	0.511339	-0.982837	0.752721	0.965086	0.978007	0.0048777	
763	-0.332544	0.992444	0.00270168	1	0.511507	-0.982829	0.752679	0.965086	0.978012	0.00470172	
764	-0.332776	0.992472	0.0010945	1	0.511568	-0.982826	0.752663	0.965086	0.978014	0.00463763	
765	-0.332861	0.992483	0.000503611	1	0.511591	-0.982825	0.752658	0.965086	0.978015	0.00461407	
766	-0.332893	0.992487	0.000284054	1	0.511599	-0.982825	0.752656	0.965086	0.978015	0.00460531	
767	-0.332905	0.992488	0.000201515	1	0.511602	-0.982825	0.752655	0.965086	0.978015	0.00460202	
768	-0.332909	0.992489	0.000170089	1	0.511603	-0.982825	0.752655	0.965086	0.978015	0.00460077	
769	-0.332911	0.992489	0.000157958	1	0.511604	-0.982825	0.752654	0.965086	0.978015	0.00460028	
770	-0.332912	0.992489	0.000153206	1	0.511604	-0.982825	0.752654	0.965086	0.978015	0.0046001	
771	-0.332912	0.992489	0.000151314	1	0.511604	-0.982825	0.752654	0.965086	0.978015	0.00460002	
772	-0.332912	0.992489	0.000150549	1	0.511604	-0.982825	0.752654	0.965086	0.978015	0.00459999	
773	-0.332912	0.992489	0.000150234	1	0.511604	-0.982825	0.752654	0.965086	0.978015	0.00459998	
774	-0.332912	0.992489	0.000150102	1	0.511604	-0.982825	0.752654	0.965086	0.978015	0.00459997	
775	-0.332912	0.992489	0.000150045	1	0.511604	-0.982825	0.752654	0.965086	0.978015	0.00459997	
776	-0.332912	0.992489	0.000150021	1	0.511604	-0.982825	0.752654	0.965086	0.978015	0.00459997	
777	-0.332912	0.992489	0.00015001	1	0.511604	-0.982825	0.752654	0.965086	0.978015	0.00459997	
778	-0.332912	0.992489	0.000150005	1	0.511604	-0.982825	0.752654	0.965086	0.978015	0.00459997	
779	-0.332912	0.992489	0.000150002	1	0.511604	-0.982825	0.752654	0.965086	0.978015	0.00459997	
780	-0.332912	0.992489	0.000150001	1	0.511604	-0.982825	0.752654	0.965086	0.978015	0.00459997	
781	-0.332912	0.992489	0.000150001	1	0.511604	-0.982825	0.752654	0.965086	0.978015	0.00459997	
782	-0.332912	0.992489	0.00015	1	0.511604	-0.982825	0.752654	0.965086	0.978015	0.00459997	
783	-0.332912	0.992489	0.00015	1	0.511604	-0.982825	0.752654	0.965086	0.978015	0.00459997	
784	-0.332912	0.992489	0.00015	1	0.511604	-0.982825	0.752654	0.965086	0.978015	0.00459997	
785	-0.332912	0.992489	0.00015	1	0.511604	-0.982825	0.752654	0.965086	0.978015	0.00459997	
786	-0.332912	0.992489	0.00015	1	0.511604	-0.982825	0.752654	0.965086	0.978015	0.00459997	
787	-0.332912	0.992489	0.00015	1	0.511604	-0.982825	0.752654	0.965086	0.978015	0.00459997	
788	-0.332912	0.992489	0.00015	1	0.511604	-0.982825	0.752654	0.965086	0.978015	0.00459997	
789	-0.332912	0.992489	0.00015	1	0.511604	-0.982825	0.752654	0.965086	0.978015	0.00459997	
790	-0.332912	0.992489	0.00015	1	0.511604	-0.982825	0.752654	0.965086	0.978015	0.00459997	
791	-0.332912	0.992489	0.00015	1	0.511604	-0.982825	0.752654	0.965086	0.978015	0.00459997	
792	-0.332912	0.992489	0.00015	1	0.511604	-0.982825	0.752654	0.965086	0.978015	0.00459997	
793	-0.332912	0.992489	0.00015	1	0.511604	-0.982825	0.752654	0.965086	0.978015	0.00459997	
794	-0.332912	0.992489	0.00015	1	0.511604	-0.982825	0.752654	0.965086	0.978015	0.00459997	
795	-0.332912	0.992489	0.00015	1	0.511604	-0.982825	0.752654	0.965086	0.978015	0.00459997	
796	-0.332912	0.992489	0.00015	1	0.511604	-0.982825	0.752654	0.965086	0.978015	0.00459997	
797	-0.332912	0.992489	0.00015	1	0.511604	-0.982825	0.752654	0.965086	0.978015	0.00459997	
798	-0.332912	0.992489	0.00015	1	0.511604	-0.982825	0.752654	0.965086	0.978015	0.00459997	
799	-0.332912	0.992489	0.00015	1	0.511604	-0.982825	0.752654	0.965086	0.978015	0.00459997	
800	-0.332912	0.992489	0.00015	1	0.511604	-0.982825	0.752654	0.965086	0.978015	0.00459997	
801	-0.332912	0.992489	0.00015	1	0.511604	-0.982825	0.752654	0.965086	0.978015	0.00459997	
802	-0.332912	0.992489	0.00015	1	0.511604	-0.982825	0.752654	0.965086	0.978015	0.00459997	
803	-0.332912	0.992489	0.00015	1	0.511604	-0.982825	0.752654	0.965086	0.978015	0.00459997	
804	-0.332912	0.992489	0.00015	1	0.511604	-0.982825	0.752654	0.965086	0.978015	0.00459997	
805	-0.332912	0.992489	0.00015	1	0.511604	-0.982825	0.752654	0.965086	0.978015	0.00459997	
806	-0.332912	0.992489	0.00015	1	0.511604	-0.982825	0.752654	0.965086	0.978015	0.00459997	
807	-0.332912	0.992489	0.00015	1	0.511604	-0.982825	0.752654	0.965086	0.978015	0.00459997	
808	-0.332912	0.992489	0.00015	1	0.511604	-0.982825	0.752654	0.965086	0.978015	0.00459997	
809	-0.332912	0.992489	0.00015	1	0.511604	-0.982825	0.752654	0.965086	0.978015	0.00459997	
810	-0.332912	0.992489	0.00015	1	0.511604	-0.982825	0.752654	0.965086	0.978015	0.00459997	
811	-0.332912	0.992489	0.00015	1	0.511604	-0.982825	0.752654	0.965086	0.978015	0.00459997	
812	-0.332912	0.992489	0.00015	1	0.511604	-0.982825	0.752654	0.965086	0.978015	0.00459997	
813	-0.332912	0.992489	0.00015	1	0.511604	-0.982825	0.752654	0.965086	0.978015	0.00459997	
814	-0.332912	0.992489	0.00015	1	0.511604	-0.982825	0.752654	0.965086	0.978015	0.00459997	
815	-0.332912	0.992489	0.00015	1	0.511604	-0.982825	0.752654	0.965086	0.978015	0.00459997	
816	-0.332912	0.992489	0.00015	1	0.511604	-0.982825	0.752654	0.965086	0.978015	0.00459997	
817	-0.332912	0.992489	0.00015	1	0.511604	-0.982825	0.752654	0.965086	0.978015	0.00459997	
818	-0.332912	0.992489	0.00015	1	0.511604	-0.982825	0.752654	0.965086	0.978015	0.00459997	
819	-0.332912	0.992489	0.00015	1	0.511604	-0.982825	0.752654	0.965086	0.978015	0.00459997	
820	-0.332912	0.992489	0.00015	1	0.511604	-0.982825	0.752654	0.965086	0.978015	0.00459997	
821	-0.332912	0.992489	0.000150001	1	0.511604	-0.982825	0.752654	0.965086	0.978015	0.00459997	
822	-0.332912	0.992489	0.000150001	1	0.511604	-0.982825	0.752654	0.965086	0.978015	0.00459997	
823	-0.332912	0.992489	0.000150002	1	0.511604	-0.982825	0.752654	0.965086	0.978015	0.00459997	
824	-0.332912	0.992489	0.000150004	1	0.511604	-0.982825	0.752654	0.965086	0.978015	0.00459997	
825	-0.332912	0.992489	0.000150008	1	0.511604	-0.982825	0.752654	0.965086	0.978015	0.00459997	
826	-0.332912	0.992489	0.000150017	1	0.511604	-0.982825	0.752654	0.965086	0.978015	0.00459997	
827	-0.332912	0.992489	0.000150038	1	0.511604	-0.982825	0.752654	0.965086	0.978015	0.00459997	
828	-0.332912	0.992489	0.000150086	1	0.511604	-0.982825	0.752654	0.965086	0.978015	0.00459997	
829	-0.332912	0.992489	0.000150196	1	0.511604	-0.982825	0.752654	0.965086	0.978015	0.00459998	
830	-0.332912	0.992489	0.000150457	1	0.511604	-0.982825	0.752654	0.965086	0.978015	0.00459999	
831	-0.332912	0.992489	0.00015109	1	0.511604	-0.982825	0.752654	0.965086	0.978015	0.00460001	
832	-0.332912	0.992489	0.000152649	1	0.511604	-0.982825	0.752654	0.965086	0.978015	0.00460007	
833	-0.332911	0.992489	0.000156552	1	0.511604	-0.982825	0.752654	0.965086	0.978015	0.00460023	
834	-0.33291	0.992489	0.000166482	1	0.511603	-0.982825	0.752655	0.965086	0.978015	0.00460062	
835	-0.332906	0.992488	0.000192129	1	0.511602	-0.982825	0.752655	0.965086	0.978015	0.00460165	
836	-0.332897	0.992487	0.000259298	1	0.5116	-0.982825	0.752655	0.965086	0.978015	0.00460433	
837	-0.332871	0.992484	0.000437505	1	0.511593	-0.982825	0.752657	0.965086	0.978015	0.00461143	
838	-0.332802	0.992476	0.000915966	1	0.511575	-0.982826	0.752662	0.965086	0.978014	0.00463051	
839	-0.332614	0.992453	0.00221455	1	0.511525	-0.982828	0.752674	0.965086	0.978013	0.0046823	
840	-0.3321	0.992389	0.00577325	1	0.51139	-0.982835	0.752708	0.965086	0.978008	0.00482422	
841	-0.330679	0.99221	0.0156071	1	0.511016	-0.982853	0.752802	0.965086	0.977996	0.00521642	
842	-0.326718	0.99169	0.0429461	1	0.509973	-0.982902	0.753064	0.965086	0.977962	0.00630764	
843	-0.315589	0.990048	0.118856	1	0.507053	-0.983039	0.753793	0.965086	0.977867	0.00935613	
844	-0.284086	0.983556	0.32094	1	0.498844	-0.983415	0.755817	0.965086	0.977599	0.0178597	
845	-0.194439	0.935598	0.725443	1	0.475811	-0.984408	0.761308	0.965086	0.976847	0.0412212	
846	0.0523544	-0.118284	0.985369	1	0.412323	-0.986737	0.77519	0.965086	0.974754	0.102148	
847	0.55629	-0.999644	0.999988	1	0.250432	-0.990874	0.804536	0.965085	0.96919	0.239066	
848	0.926926	-1	1	1	-0.0676819	-0.995086	0.845612	0.964009	0.954922	0.454937	
849	0.995789	-1	1	0.374293	-0.735708	-0.836046	0.463319	0.161403	-0.348835	0.643473	
850	0.999159	-1	1	-0.293615	-0.843661	-0.853961	0.484048	0.000120688	-0.593112	0.742012	
851	0.999603	-1	1	-0.320502	-0.874701	-0.883823	0.522036	8.31301e-08	-0.6342	0.780648	
852	0.999705	-1	1	-0.330928	-0.885404	-0.894075	0.53667	5.83487e-11	-0.649647	0.7946	
853	0.999736	-1	1	-0.334761	-0.889139	-0.897644	0.541999	4.21885e-14	-0.655225	0.799554	
854	0.999746	-1	1	-0.336138	-0.890455	-0.8989	0.543907	0	-0.657215	0.801311	
855	0.99975	-1	1	-0.336631	-0.890922	-0.899346	0.544588	0	-0.657925	0.801937	
856	0.999751	-1	1	-0.336807	-0.891089	-0.899506	0.544833	0	-0.65818	0.802161	
857	0.999752	-1	1	-0.336871	-0.891149	-0.899563	0.544921	0	-0.658271	0.802241	
858	0.999752	-1	1	-0.336894	-0.891171	-0.899584	0.544953	0	-0.658305	0.802271	
859	0.999752	-1	1	-0.336902	-0.891179	-0.899592	0.544964	0	-0.658317	0.802281	
860	0.999752	-1	1	-0.336906	-0.891182	-0.899595	0.544969	0	-0.658321	0.802285	
861	0.999752	-1	1	-0.336907	-0.891183	-0.899596	0.54497	0	-0.658323	0.802287	
862	0.999752	-1	1	-0.336907	-0.891184	-0.899596	0.544971	0	-0.658324	0.802287	
863	0.999752	-1	1	-0.336907	-0.891184	-0.899596	0.544971	0	-0.658324	0.802288	
864	0.999752	-1	1	-0.336908	-0.891184	-0.899596	0.544971	0	-0.658324	0.802288	
865	0.999752	-1	1	-0.336908	-0.891184	-0.899597	0.544971	0	-0.658324	0.802288	
866	0.999752	-1	1	-0.336908	-0.891184	-0.899597	0.544971	0	-0.658324	0.802288	
867	0.999752	-1	1	-0.336908	-0.891184	-0.899597	0.544971	0	-0.658324	0.802288	
868	0.999752	-1	1	-0.336908	-0.891184	-0.899597	0.544971	0	-0.658324	0.802288	
869	0.999752	-1	1	-0.336908	-0.891184	-0.899597	0.544971	0	-0.658324	0.802288	
870	0.999752	-1	1	-0.336908	-0.891184	-0.899597	0.544971	0	-0.658324	0.802288	
871	0.999752	-1	1	-0.336908	-0.891184	-0.899597	0.544971	0	-0.658324	0.802288	
872	0.999752	-1	1	-0.336908	-0.891184	-0.899597	0.544971	0	-0.658324	0.802288	
873	0.999752	-1	1	-0.336908	-0.891184	-0.899597	0.544971	0	-0.658324	0.802288	
874	0.999752	-1	1	-0.336908	-0.891184	-0.899597	0.544971	0	-0.658324	0.802288	
875	0.999752	-1	1	-0.336908	-0.891184	-0.899597	0.544971	0	-0.658324	0.802288	
876	0.999752	-1	1	-0.336908	-0.891184	-0.899597	0.544971	0	-0.658324	0.802288	
877	0.999752	-1	1	-0.336908	-0.891184	-0.899597	0.544971	0	-0.658324	0.802288	
878	0.999752	-1	1	-0.336908	-0.891184	-0.899597	0.544971	0	-0.658324	0.802288	
879	0.999752	-1	1	-0.336908	-0.891184	-0.899597	0.544971	0	-0.658324	0.802288	
880	0.999752	-1	1	-0.336908	-0.891184	-0.899597	0.544971	0	-0.658324	0.802288	
881	0.999752	-1	1	-0.336908	-0.891184	-0.899597	0.544971	0	-0.658324	0.802288	
882	0.999752	-1	1	-0.336908	-0.891184	-0.899597	0.544971	0	-0.658324	0.802288	
883	0.999752	-1	1	-0.336908	-0.891184	-0.899597	0.544971	0	-0.658324	0.802288	
884	0.999752	-1	1	-0.336908	-0.891184	-0.899597	0.544971	0	-0.658324	0.802288	
885	0.999752	-1	1	-0.336908	-0.891184	-0.899597	0.544971	0	-0.658324	0.802288	
886	0.999752	-1	1	-0.336908	-0.891184	-0.899597	0.544971	0	-0.658324	0.802288	
887	0.999752	-1	1	-0.336908	-0.891184	-0.899597	0.544971	0	-0.658324	0.802288	
888	0.999752	-1	1	-0.336908	-0.891184	-0.899597	0.544971	0	-0.658324	0.802288	
889	0.999752	-1	1	-0.336908	-0.891184	-0.899597	0.544971	0	-0.658324	0.802288	
890	0.999752	-1	1	-0.336908	-0.891184	-0.899597	0.544971	0	-0.658324	0.802288	
891	0.999752	-1	1	-0.336908	-0.891184	-0.899597	0.544971	0	-0.658324	0.802288	
892	0.999752	-1	1	-0.336908	-0.891184	-0.899597	0.544971	0	-0.658324	0.802288	
893	0.999752	-1	1	-0.336908	-0.891184	-0.899597	0.544971	0	-0.658324	0.802288	
894	0.999752	-1	1	-0.336908	-0.891184	-0.899597	0.544971	0	-0.658324	0.802288	
895	0.999752	-1	1	-0.336908	-0.891184	-0.899597	0.544971	0	-0.658324	0.802288	
896	0.999752	-1	1	-0.336908	-0.891184	-0.899597	0.544971	0	-0.658324	0.802288	
897	0.999752	-1	1	-0.336908	-0.891184	-0.899597	0.544971	0	-0.658324	0.802288	
898	0.999752	-1	1	-0.336908	-0.891184	-0.899597	0.544971	0	-0.658324	0.802288	
899	0.999752	-1	1	-0.336908	-0.891184	-0.899597	0.544971	0	-0.658324	0.802288	
900	0.999752	-1	1	-0.336908	-0.891184	-0.899597	0.544971	0	-0.658324	0.802288	
901	0.999752	-1	1	-0.336908	-0.891184	-0.899597	0.544971	0	-0.658324	0.802288	
902	0.999752	-1	1	-0.336908	-0.891184	-0.899597	0.544971	0	-0.658324	0.802288	
903	0.999752	-1	1	-0.336908	-0.891184	-0.899597	0.544971	0	-0.658324	0.802288	
904	0.999752	-1	1	-0.336908	-0.891184	-0.899597	0.544971	0	-0.658324	0.802288	
905	0.999752	-1	1	-0.336908	-0.891184	-0.899597	0.544971	0	-0.658324	0.802288	
906	0.999752	-1	1	-0.336908	-0.891184	-0.899597	0.544971	0	-0.658324	0.802288	
907	0.999752	-1	1	-0.336908	-0.891184	-0.899597	0.544971	0	-0.658324	0.802288	
908	0.999752	-1	1	-0.336908	-0.891184	-0.899597	0.544971	0	-0.658324	0.802288	
909	0.999752	-1	1	-0.336908	-0.891184	-0.899597	0.544971	0	-0.658324	0.802288	
910	0.999752	-1	1	-0.336908	-0.891184	-0.899597	0.544971	0	-0.658324	0.802288	
911	0.999752	-1	1	-0.336908	-0.891184	-0.899597	0.544971	0	-0.658324	0.802288	
912	0.999752	-1	1	-0.336908	-0.891184	-0.899597	0.544971	0	-0.658324	0.802288	
913	0.999752	-1	1	-0.336908	-0.891184	-0.899597	0.544971	0	-0.658324	0.802288	
914	0.999752	-1	1	-0.336908	-0.891184	-0.899597	0.544971	0	-0.658324	0.802288	
915	0.999752	-1	1	-0.336908	-0.891184	-0.899597	0.544971	0	-0.658324	0.802288	
916	0.999752	-1	1	-0.336908	-0.891184	-0.899597	0.544971	0	-0.658324	0.802288	
917	0.999752	-1	1	-0.336908	-0.891184	-0.899597	0.544971	0	-0.658324	0.802288	
918	0.999752	-1	1	-0.336908	-0.891184	-0.899597	0.544971	0	-0.658324	0.802288	
919	0.999752	-1	1	-0.336908	-0.891184	-0.899597	0.544971	0	-0.658324	0.802288	
920	0.999752	-1	1	-0.336908	-0.891184	-0.899597	0.544971	0	-0.658324	0.802288	
921	0.999752	-1	1	-0.336908	-0.891184	-0.899597	0.544971	0	-0.658324	0.802288	
922	0.999752	-1	1	-0.336908	-0.891184	-0.899597	0.544971	0	-0.658324	0.802288	
923	0.999752	-1	1	-0.336908	-0.891184	-0.899597	0.544971	0	-0.658324	0.802288	
924	0.999752	-1	1	-0.336908	-0.891184	-0.899597	0.544971	0	-0.658324	0.802288	
925	0.999752	-1	1	-0.336908	-0.891184	-0.899597	0.544971	0	-0.658324	0.802288	
926	0.999752	-1	1	-0.336908	-0.891184	-0.899597	0.544971	0	-0.658324	0.802288	
927	0.999752	-1	1	-0.336907	-0.891184	-0.899596	0.544971	0	-0.658324	0.802288	
928	0.999752	-1	1	-0.336907	-0.891184	-0.899596	0.544971	0	-0.658324	0.802288	
929	0.999752	-1	1	-0.336907	-0.891184	-0.899596	0.544971	0	-0.658324	0.802287	
930	0.999752	-1	1	-0.336907	-0.891183	-0.899596	0.54497	0	-0.658323	0.802287	
931	0.999752	-1	1	-0.336905	-0.891182	-0.899594	0.544968	0	-0.65832	0.802285	
932	0.999752	-1	1	-0.336901	-0.891178	-0.89959	0.544962	0	-0.658314	0.802279	
933	0.999752	-1	1	-0.336889	-0.891167	-0.89958	0.544946	0	-0.658298	0.802265	
934	0.999752	-1	1	-0.336858	-0.891138	-0.899552	0.544903	0	-0.658253	0.802226	
935	0.999751	-1	1	-0.336773	-0.891056	-0.899475	0.544785	0	-0.65813	0.802117	
936	0.999749	-1	1	-0.336535	-0.890831	-0.89926	0.544455	0	-0.657787	0.801815	
937	0.999744	-1	1	-0.33587	-0.890199	-0.898656	0.543535	0	-0.656827	0.800969	
938	0.99973	-1	1	-0.33401	-0.888416	-0.896953	0.540958	6.66134e-16	-0.654137	0.798591	
939	0.999687	-1	1	-0.328856	-0.883342	-0.892103	0.533779	8.68194e-13	-0.64661	0.791884	
940	0.999535	-1	1	-0.315027	-0.868748	-0.878107	0.51427	1.21876e-09	-0.625927	0.773038	
941	0.998796	-1	1	-0.281191	-0.82642	-0.837197	0.465086	1.7519e-06	-0.572363	0.721513	
942	0.992617	-1	1	-0.205288	-0.710346	-0.724964	0.364152	0.00255437	-0.453237	0.596554	
943	0.890439	-1	1	0.999908	-0.154471	-0.96958	0.697113	0.864835	0.82596	0.386967	
944	0.392473	-0.992084	0.99983	1	0.312428	-0.989501	0.793964	0.965035	0.971332	0.189182	
945	-0.0452394	0.532918	0.952072	1	0.437723	-0.985869	0.769838	0.965086	0.975595	0.0783481	
946	-0.230817	0.962565	0.594295	1	0.485114	-0.984018	0.759122	0.965086	0.977151	0.0318718	
947	-0.29687	0.986568	0.241795	1	0.502166	-0.983264	0.755002	0.965086	0.977708	0.0144304	
948	-0.320095	0.990747	0.0883069	1	0.508234	-0.982984	0.753498	0.965086	0.977905	0.00812464	
949	-0.328318	0.991904	0.0319137	1	0.510394	-0.982882	0.752958	0.965086	0.977976	0.00586708	
950	-0.331252	0.992283	0.0116433	1	0.511167	-0.982845	0.752764	0.965086	0.978001	0.00505832	
951	-0.332307	0.992415	0.00434179	1	0.511445	-0.982832	0.752694	0.965086	0.97801	0.00476713	
952	-0.33269	0.992462	0.00169352	1	0.511545	-0.982827	0.752669	0.965086	0.978013	0.00466152	
953	-0.332829	0.992479	0.000724541	1	0.511582	-0.982826	0.75266	0.965086	0.978015	0.00462288	
954	-0.332881	0.992485	0.000366433	1	0.511596	-0.982825	0.752656	0.965086	0.978015	0.0046086	
955	-0.3329	0.992488	0.000232603	1	0.511601	-0.982825	0.752655	0.965086	0.978015	0.00460326	
956	-0.332908	0.992489	0.000181975	1	0.511603	-0.982825	0.752655	0.965086	0.978015	0.00460124	
957	-0.33291	0.992489	0.000162567	1	0.511603	-0.982825	0.752654	0.965086	0.978015	0.00460047	
958	-0.332912	0.992489	0.00015502	1	0.511604	-0.982825	0.752654	0.965086	0.978015	0.00460017	
959	-0.332912	0.992489	0.00015204	1	0.511604	-0.982825	0.752654	0.965086	0.978015	0.00460005	
960	-0.332912	0.992489	0.000150844	1	0.511604	-0.982825	0.752654	0.965086	0.978015	0.0046	
961	-0.332912	0.992489	0.000150356	1	0.511604	-0.982825	0.752654	0.965086	0.978015	0.00459998	
962	-0.332912	0.992489	0.000150153	1	0.511604	-0.982825	0.752654	0.965086	0.978015	0.00459997	
963	-0.332912	0.992489	0.000150067	1	0.511604	-0.982825	0.752654	0.965086	0.978015	0.00459997	
964	-0.332912	0.992489	0.00015003	1	0.511604	-0.982825	0.752654	0.965086	0.978015	0.00459997	
965	-0.332912	0.992489	0.000150014	1	0.511604	-0.982825	0.752654	0.965086	0.978015	0.00459997	
966	-0.332912	0.992489	0.000150007	1	0.511604	-0.982825	0.752654	0.965086	0.978015	0.00459997	
967	-0.332912	0.992489	0.000150003	1	0.511604	-0.982825	0.752654	0.965086	0.978015	0.00459997	
968	-0.332912	0.992489	0.000150002	1	0.511604	-0.982825	0.752654	0.965086	0.978015	0.00459997	
969	-0.332912	0.992489	0.000150001	1	0.511604	-0.982825	0.752654	0.965086	0.978015	0.00459997	
970	-0.332912	0.992489	0.00015	1	0.511604	-0.982825	0.752654	0.965086	0.978015	0.00459997	
971	-0.332912	0.992489	0.00015	1	0.511604	-0.982825	0.752654	0.965086	0.978015	0.00459997	
972	-0.332912	0.992489	0.00015	1	0.511604	-0.982825	0.752654	0.965086	0.978015	0.00459997	
973	-0.332912	0.992489	0.00015	1	0.511604	-0.982825	0.752654	0.965086	0.978015	0.00459997	
974	-0.332912	0.992489	0.00015	1	0.511604	-0.982825	0.752654	0.965086	0.978015	0.00459997	
975	-0.332912	0.992489	0.00015	1	0.511604	-0.982825	0.752654	0.965086	0.978015	0.00459997	
976	-0.332912	0.992489	0.00015	1	0.511604	-0.982825	0.752654	0.965086	0.978015	0.00459997	
977	-0.332912	0.992489	0.00015	1	0.511604	-0.982825	0.752654	0.965086	0.978015	0.00459997	
978	-0.332912	0.992489	0.00015	1	0.511604	-0.982825	0.752654	0.965086	0.978015	0.00459997	
979	-0.332912	0.992489	0.00015	1	0.511604	-0.982825	0.752654	0.965086	0.978015	0.00459997	
980	-0.332912	0.992489	0.00015	1	0.511604	-0.982825	0.752654	0.965086	0.978015	0.00459997	
981	-0.332912	0.992489	0.00015	1	0.511604	-0.982825	0.752654	0.965086	0.978015	0.00459997	
982	-0.332912	0.992489	0.00015	1	0.511604	-0.982825	0.752654	0.965086	0.978015	0.00459997	
983	-0.332912	0.992489	0.00015	1	0.511604	-0.982825	0.752654	0.965086	0.978015	0.00459997	
984	-0.332912	0.992489	0.00015	1	0.511604	-0.982825	0.752654	0.965086	0.978015	0.00459997	
985	-0.332912	0.992489	0.00015	1	0.511604	-0.982825	0.752654	0.965086	0.978015	0.00459997	
986	-0.332912	0.992489	0.00015	1	0.511604	-0.982825	0.752654	0.965086	0.978015	0.00459997	
987	-0.332912	0.992489	0.00015	1	0.511604	-0.982825	0.752654	0.965086	0.978015	0.00459997	
988	-0.332912	0.992489	0.00015	1	0.511604	-0.982825	0.752654	0.965086	0.978015	0.00459997	
989	-0.332912	0.992489	0.00015	1	0.511604	-0.982825	0.752654	0.965086	0.978015	0.00459997	
990	-0.332912	0.992489	0.00015	1	0.511604	-0.982825	0.752654	0.965086	0.978015	0.00459997	
991	-0.332912	0.992489	0.00015	1	0.511604	-0.982825	0.752654	0.965086	0.978015	0.00459997	
992	-0.332912	0.992489	0.00015	1	0.511604	-0.982825	0.752654	0.965086	0.978015	0.00459997	
993	-0.332912	0.992489	0.00015	1	0.511604	-0.982825	0.752654	0.965086	0.978015	0.00459997	
994	-0.332912	0.992489	0.00015	1	0.511604	-0.982825	0.752654	0.965086	0.978015	0.00459997	
995	-0.332912	0.992489	0.00015	1	0.511604	-0.982825	0.752654	0.965086	0.978015	0.00459997	
996	-0.332912	0.992489	0.00015	1	0.511604	-0.982825	0.752654	0.965086	0.978015	0.00459997	
997	-0.332912	0.992489	0.00015	1	0.511604	-0.982825	0.752654	0.965086	0.978015	0.00459997	
998	-0.332912	0.992489	0.00015	1	0.511604	-0.982825	0.752654	0.965086	0.978015	0.00459997	
999	-0.332912	0.992489	0.00015	1	0.511604	-0.982825	0.752654	0.965086	0.978015	0.00459997	
1000	-0.332912	0.992489	0.00015	1	0.511604	-0.982825	0.752654	0.965086	0.978015	0.00459997	
1001	-0.332912	0.992489	0.00015	1	0.511604	-0.982825	0.752654	0.965086	0.978015	0.00459997	
1002	-0.332912	0.992489	0.00015	1	0.511604	-0.982825	0.752654	0.965086	0.978015	0.00459997	
1003	-0.332912	0.992489	0.00015	1	0.511604	-0.982825	0.752654	0.965086	0.978015	0.00459997	
1004	-0.332912	0.992489	0.00015	1	0.511604	-0.982825	0.752654	0.965086	0.978015	0.00459997	
1005	-0.332912	0.992489	0.00015	1	0.511604	-0.982825	0.752654	0.965086	0.978015	0.00459997	
1006	-0.332912	0.992489	0.00015	1	0.511604	-0.982825	0.752654	0.965086	0.978015	0.00459997	
1007	-0.332912	0.992489	0.00015	1	0.511604	-0.982825	0.752654	0.965086	0.978015	0.00459997	
1008	-0.332912	0.992489	0.00015	1	0.511604	-0.982825	0.752654	0.965086	0.978015	0.00459997	
1009	-0.332912	0.992489	0.00015	1	0.511604	-0.982825	0.752654	0.965086	0.978015	0.00459997	
1010	-0.332912	0.992489	0.000150001	1	0.511604	-0.982825	0.752654	0.965086	0.978015	0.00459997	
1011	-0.332912	0.992489	0.000150001	1	0.511604	-0.982825	0.752654	0.965086	0.978015	0.00459997	
1012	-0.332912	0.992489	0.000150003	1	0.511604	-0.982825	0.752654	0.965086	0.978015	0.00459997	
1013	-0.332912	0.992489	0.000150006	1	0.511604	-0.982825	0.752654	0.965086	0.978015	0.00459997	
1014	-0.332912	0.992489	0.000150012	1	0.511604	-0.982825	0.752654	0.965086	0.978015	0.00459997	
1015	-0.332912	0.992489	0.000150026	1	0.511604	-0.982825	0.752654	0.965086	0.978015	0.00459997	
1016	-0.332912	0.992489	0.000150057	1	0.511604	-0.982825	0.752654	0.965086	0.978015	0.00459997	
1017	-0.332912	0.992489	0.00015013	1	0.511604	-0.982825	0.752654	0.965086	0.978015	0.00459997	
1018	-0.332912	0.992489	0.0001503	1	0.511604	-0.982825	0.752654	0.965086	0.978015	0.00459998	
1019	-0.332912	0.992489	0.000150707	1	0.511604	-0.982825	0.752654	0.965086	0.978015	0.0046	
1020	-0.332912	0.992489	0.000151702	1	0.511604	-0.982825	0.752654	0.965086	0.978015	0.00460004	
1021	-0.332912	0.992489	0.000154174	1	0.511604	-0.982825	0.752654	0.965086	0.978015	0.00460013	
1022	-0.332911	0.992489	0.000160413	1	0.511604	-0.982825	0.752654	0.965086	0.978015	0.00460038	
1023	-0.332908	0.992489	0.00017641	1	0.511603	-0.982825	0.752655	0.965086	0.978015	0.00460102	
1024	-0.332902	0.992488	0.000218023	1	0.511601	-0.982825	0.752655	0.965086	0.978015	0.00460268	
1025	-0.332887	0.992486	0.000327735	1	0.511597	-0.982825	0.752656	0.965086	0.978015	0.00460706	
1026	-0.332844	0.992481	0.000620604	1	0.511586	-0.982825	0.752659	0.965086	0.978015	0.00461873	
1027	-0.33273	0.992467	0.00141133	1	0.511556	-0.982827	0.752666	0.965086	0.978014	0.00465027	
1028	-0.332419	0.992428	0.00356825	1	0.511474	-0.982831	0.752687	0.965086	0.978011	0.00473628	
1029	-0.331561	0.992321	0.00950516	1	0.511248	-0.982842	0.752744	0.965086	0.978004	0.00497305	
1030	-0.32918	0.992017	0.0259677	1	0.510621	-0.982871	0.752901	0.965086	0.977983	0.00562976	
1031	-0.322516	0.991103	0.0717843	1	0.508869	-0.982954	0.75334	0.965086	0.977926	0.00746151	
1032	-0.303723	0.987959	0.197638	1	0.503952	-0.983182	0.754562	0.965086	0.977766	0.0125801	
1033	-0.250336	0.972201	0.505481	1	0.490127	-0.983801	0.757927	0.965086	0.977315	0.026786	
1034	-0.0992495	0.757651	0.908506	1	0.451552	-0.985362	0.766815	0.965086	0.976051	0.0650746	
1035	0.281745	-0.951775	0.999207	1	0.347962	-0.988631	0.787735	0.965086	0.972591	0.159404	
1036	0.796187	-1	1	1	0.10912	-0.993232	0.825466	0.965057	0.963845	0.342519	
1037	0.980272	-1	1	0.999982	-0.36543	-0.990214	0.800021	0.912576	0.854081	0.561341	
1038	0.998378	-1	1	-0.254305	-0.810494	-0.823813	0.450892	0.0044628	-0.551153	0.703608	
1039	0.999468	-1	1	-0.31024	-0.863361	-0.872926	0.507451	3.06109e-06	-0.618618	0.766237	
1040	0.99967	-1	1	-0.327014	-0.881482	-0.890322	0.531201	2.12639e-09	-0.643896	0.789445	
1041	0.999725	-1	1	-0.333338	-0.887765	-0.896332	0.540025	1.51146e-12	-0.653161	0.797726	
1042	0.999743	-1	1	-0.335629	-0.889969	-0.898437	0.543202	1.11022e-15	-0.65648	0.800663	
1043	0.999749	-1	1	-0.336448	-0.890749	-0.899182	0.544336	0	-0.657663	0.801706	
1044	0.999751	-1	1	-0.336742	-0.891027	-0.899447	0.544742	0	-0.658085	0.802078	
1045	0.999752	-1	1	-0.336847	-0.891127	-0.899542	0.544888	0	-0.658237	0.802211	
1046	0.999752	-1	1	-0.336885	-0.891163	-0.899577	0.544941	0	-0.658292	0.80226	
1047	0.999752	-1	1	-0.336899	-0.891176	-0.899589	0.54496	0	-0.658312	0.802277	
1048	0.999752	-1	1	-0.336904	-0.891181	-0.899594	0.544967	0	-0.65832	0.802284	
1049	0.999752	-1	1	-0.336906	-0.891183	-0.899595	0.54497	0	-0.658322	0.802286	
1050	0.999752	-1	1	-0.336907	-0.891184	-0.899596	0.544971	0	-0.658323	0.802287	
1051	0.999752	-1	1	-0.336907	-0.891184	-0.899596	0.544971	0	-0.658324	0.802288	
1052	0.999752	-1	1	-0.336907	-0.891184	-0.899596	0.544971	0	-0.658324	0.802288	
1053	0.999752	-1	1	-0.336908	-0.891184	-0.899597	0.544971	0	-0.658324	0.802288	
1054	0.999752	-1	1	-0.336908	-0.891184	-0.899597	0.544971	0	-0.658324	0.802288	
1055	0.999752	-1	1	-0.336908	-0.891184	-0.899597	0.544971	0	-0.658324	0.802288	
1056	0.999752	-1	1	-0.336908	-0.891184	-0.899597	0.544971	0	-0.658324	0.802288	
1057	0.999752	-1	1	-0.336908	-0.891184	-0.899597	0.544971	0	-0.658324	0.802288	
1058	0.999752	-1	1	-0.336908	-0.891184	-0.899597	0.544971	0	-0.658324	0.802288	
1059	0.999752	-1	1	-0.336908	-0.891184	-0.899597	0.544971	0	-0.658324	0.802288	
1060	0.999752	-1	1	-0.336908	-0.891184	-0.899597	0.544971	0	-0.658324	0.802288	
1061	0.999752	-1	1	-0.336908	-0.891184	-0.899597	0.544971	0	-0.658324	0.802288	
1062	0.999752	-1	1	-0.336908	-0.891184	-0.899597	0.544971	0	-0.658324	0.802288	
1063	0.999752	-1	1	-0.336908	-0.891184	-0.899597	0.544971	0	-0.658324	0.802288	
1064	0.999752	-1	1	-0.336908	-0.891184	-0.899597	0.544971	0	-0.658324	0.802288	
1065	0.999752	-1	1	-0.336908	-0.891184	-0.899597	0.544971	0	-0.658324	0.802288	
1066	0.999752	-1	1	-0.336908	-0.891184	-0.899597	0.544971	0	-0.658324	0.802288	
1067	0.999752	-1	1	-0.336908	-0.891184	-0.899597	0.544971	0	-0.658324	0.802288	
1068	0.999752	-1	1	-0.336908	-0.891184	-0.899597	0.544971	0	-0.658324	0.802288	
1069	0.999752	-1	1	-0.336908	-0.891184	-0.899597	0.544971	0	-0.658324	0.802288	
1070	0.999752	-1	1	-0.336908	-0.891184	-0.899597	0.544971	0	-0.658324	0.802288	
1071	0.999752	-1	1	-0.336908	-0.891184	-0.899597	0.544971	0	-0.658324	0.802288	
1072	0.999752	-1	1	-0.336908	-0.891184	-0.899597	0.544971	0	-0.658324	0.802288	
1073	0.999752	-1	1	-0.336908	-0.891184	-0.899597	0.544971	0	-0.658324	0.802288	
1074	0.999752	-1	1	-0.336908	-0.891184	-0.899597	0.544971	0	-0.658324	0.802288	
1075	0.999752	-1	1	-0.336908	-0.891184	-0.899597	0.544971	0	-0.658324	0.802288	
1076	0.999752	-1	1	-0.336908	-0.891184	-0.899597	0.544971	0	-0.658324	0.802288	
1077	0.999752	-1	1	-0.336908	-0.891184	-0.899597	0.544971	0	-0.658324	0.802288	
1078	0.999752	-1	1	-0.336908	-0.891184	-0.899597	0.544971	0	-0.658324	0.802288	
1079	0.999752	-1	1	-0.336908	-0.891184	-0.899597	0.544971	0	-0.658324	0.802288	
1080	0.999752	-1	1	-0.336908	-0.891184	-0.899597	0.544971	0	-0.658324	0.802288	
1081	0.999752	-1	1	-0.336908	-0.891184	-0.899597	0.544971	0	-0.658324	0.802288	
1082	0.999752	-1	1	-0.336908	-0.891184	-0.899597	0.544971	0	-0.658324	0.802288	
1083	0.999752	-1	1	-0.336908	-0.891184	-0.899597	0.544971	0	-0.658324	0.802288	
1084	0.999752	-1	1	-0.336908	-0.891184	-0.899597	0.544971	0	-0.658324	0.802288	
1085	0.999752	-1	1	-0.336908	-0.891184	-0.899597	0.544971	0	-0.658324	0.802288	
1086	0.999752	-1	1	-0.336908	-0.891184	-0.899597	0.544971	0	-0.658324	0.802288	
1087	0.999752	-1	1	-0.336908	-0.891184	-0.899597	0.544971	0	-0.658324	0.802288	
1088	0.999752	-1	1	-0.336908	-0.891184	-0.899597	0.544971	0	-0.658324	0.802288	
1089	0.999752	-1	1	-0.336908	-0.891184	-0.899597	0.544971	0	-0.658324	0.802288	
1090	0.999752	-1	1	-0.336908	-0.891184	-0.899597	0.544971	0	-0.658324	0.802288	
1091	0.999752	-1	1	-0.336908	-0.891184	-0.899597	0.544971	0	-0.658324	0.802288	
1092	0.999752	-1	1	-0.336908	-0.891184	-0.899597	0.544971	0	-0.658324	0.802288	
1093	0.999752	-1	1	-0.336908	-0.891184	-0.899597	0.544971	0	-0.658324	0.802288	
1094	0.999752	-1	1	-0.336908	-0.891184	-0.899597	0.544971	0	-0.658324	0.802288	
1095	0.999752	-1	1	-0.336908	-0.891184	-0.899597	0.544971	0	-0.658324	0.802288	
1096	0.999752	-1	1	-0.336908	-0.891184	-0.899597	0.544971	0	-0.658324	0.802288	
1097	0.999752	-1	1	-0.336908	-0.891184	-0.899597	0.544971	0	-0.658324	0.802288	
1098	0.999752	-1	1	-0.336908	-0.891184	-0.899597	0.544971	0	-0.658324	0.802288	
1099	0.999752	-1	1	-0.336908	-0.891184	-0.899597	0.544971	0	-0.658324	0.802288	
1100	0.999752	-1	1	-0.336908	-0.891184	-0.899597	0.544971	0	-0.658324	0.802288	
1101	0.999752	-1	1	-0.336908	-0.891184	-0.899597	0.544971	0	-0.658324	0.802288	
1102	0.999752	-1	1	-0.336908	-0.891184	-0.899597	0.544971	0	-0.658324	0.802288	
1103	0.999752	-1	1	-0.336908	-0.891184	-0.899597	0.544971	0	-0.658324	0.802288	
1104	0.999752	-1	1	-0.336908	-0.891184	-0.899597	0.544971	0	-0.658324	0.802288	
1105	0.999752	-1	1	-0.336908	-0.891184	-0.899597	0.544971	0	-0.658324	0.802288	
1106	0.999752	-1	1	-0.336908	-0.891184	-0.899597	0.544971	0	-0.658324	0.802288	
1107	0.999752	-1	1	-0.336908	-0.891184	-0.899597	0.544971	0	-0.658324	0.802288	
1108	0.999752	-1	1	-0.336908	-0.891184	-0.899597	0.544971	0	-0.658324	0.802288	
1109	0.999752	-1	1	-0.336908	-0.891184	-0.899597	0.544971	0	-0.658324	0.802288	
1110	0.999752	-1	1	-0.336908	-0.891184	-0.899597	0.544971	0	-0.658324	0.802288	
1111	0.999752	-1	1	-0.336908	-0.891184	-0.899597	0.544971	0	-0.658324	0.802288	
1112	0.999752	-1	1	-0.336908	-0.891184	-0.899597	0.544971	0	-0.658324	0.802288	
1113	0.999752	-1	1	-0.336908	-0.891184	-0.899597	0.544971	0	-0.658324	0.802288	
1114	0.999752	-1	1	-0.336908	-0.891184	-0.899597	0.544971	0	-0.658324	0.802288	
1115	0.999752	-1	1	-0.336908	-0.891184	-0.899596	0.544971	0	-0.658324	0.802288	
1116	0.999752	-1	1	-0.336907	-0.891184	-0.899596	0.544971	0	-0.658324	0.802288	
1117	0.999752	-1	1	-0.336907	-0.891184	-0.899596	0.544971	0	-0.658324	0.802288	
1118	0.999752	-1	1	-0.336907	-0.891183	-0.899596	0.54497	0	-0.658323	0.802287	
1119	0.999752	-1	1	-0.336906	-0.891183	-0.899595	0.544969	0	-0.658322	0.802286	
1120	0.999752	-1	1	-0.336903	-0.89118	-0.899593	0.544966	0	-0.658318	0.802283	
1121	0.999752	-1	1	-0.336896	-0.891174	-0.899587	0.544956	0	-0.658308	0.802274	
1122	0.999752	-1	1	-0.336878	-0.891156	-0.89957	0.54493	0	-0.658281	0.80225	
1123	0.999751	-1	1	-0.336826	-0.891107	-0.899523	0.544858	0	-0.658206	0.802184	
1124	0.99975	-1	1	-0.336682	-0.890971	-0.899393	0.54466	0	-0.658	0.802003	
1125	0.999748	-1	1	-0.336283	-0.890592	-0.899032	0.544107	0	-0.657424	0.801495	
1126	0.999739	-1	1	-0.335166	-0.889527	-0.898014	0.54256	0	-0.65581	0.800071	
1127	0.999715	-1	1	-0.33205	-0.886508	-0.895131	0.538233	2.42029e-14	-0.651285	0.796059	
1128	0.999635	-1	1	-0.323514	-0.877877	-0.886869	0.526284	3.3475e-11	-0.638704	0.784751	
1129	0.999317	-1	1	-0.30141	-0.852897	-0.862838	0.494718	4.76075e-08	-0.604873	0.753245	
1130	0.997304	-1	1	-0.251752	-0.781316	-0.793208	0.421096	6.9038e-05	-0.522775	0.670548	
1131	0.975787	-1	1	0.200852	-0.589465	-0.684971	0.334768	0.096129	-0.274544	0.496779	
1132	0.666243	-0.999973	0.999999	1	0.191388	-0.991309	0.808141	0.963193	0.965317	0.278407	
1133	0.135671	-0.624825	0.994785	1	0.389919	-0.987442	0.779708	0.965085	0.974006	0.12255	
1134	-0.161792	0.896744	0.809914	1	0.467489	-0.984745	0.763228	0.965086	0.976574	0.0494886	
1135	-0.272577	0.980302	0.388097	1	0.495863	-0.983549	0.756543	0.965086	0.977502	0.0209238	
1136	-0.311538	0.989377	0.146042	1	0.505993	-0.983088	0.754056	0.965086	0.977832	0.0104596	
1137	-0.325281	0.991494	0.0528234	1	0.509596	-0.98292	0.753158	0.965086	0.97795	0.00670243	
1138	-0.330166	0.992145	0.0191546	1	0.510881	-0.982859	0.752836	0.965086	0.977992	0.00535793	
1139	-0.331916	0.992366	0.00705231	1	0.511341	-0.982837	0.75272	0.965086	0.978007	0.00487522	
1140	-0.332547	0.992444	0.00267914	1	0.511508	-0.982829	0.752679	0.965086	0.978012	0.00470083	
1141	-0.332777	0.992473	0.00108625	1	0.511568	-0.982826	0.752663	0.965086	0.978014	0.0046373	
1142	-0.332862	0.992483	0.000500558	1	0.511591	-0.982825	0.752658	0.965086	0.978015	0.00461395	
1143	-0.332893	0.992487	0.000282912	1	0.511599	-0.982825	0.752656	0.965086	0.978015	0.00460527	
1144	-0.332905	0.992488	0.000201083	1	0.511602	-0.982825	0.752655	0.965086	0.978015	0.004602	
1145	-0.332909	0.992489	0.000169923	1	0.511603	-0.982825	0.752655	0.965086	0.978015	0.00460076	
1146	-0.332911	0.992489	0.000157893	1	0.511604	-0.982825	0.752654	0.965086	0.978015	0.00460028	
1147	-0.332912	0.992489	0.00015318	1	0.511604	-0.982825	0.752654	0.965086	0.978015	0.00460009	
1148	-0.332912	0.992489	0.000151304	1	0.511604	-0.982825	0.752654	0.965086	0.978015	0.00460002	
1149	-0.332912	0.992489	0.000150545	1	0.511604	-0.982825	0.752654	0.965086	0.978015	0.00459999	
1150	-0.332912	0.992489	0.000150232	1	0.511604	-0.982825	0.752654	0.965086	0.978015	0.00459998	
1151	-0.332912	0.992489	0.000150101	1	0.511604	-0.982825	0.752654	0.965086	0.978015	0.00459997	
1152	-0.332912	0.992489	0.000150045	1	0.511604	-0.982825	0.752654	0.965086	0.978015	0.00459997	
1153	-0.332912	0.992489	0.00015002	1	0.511604	-0.982825	0.752654	0.965086	0.978015	0.00459997	
1154	-0.332912	0.992489	0.00015001	1	0.511604	-0.982825	0.752654	0.965086	0.978015	0.00459997	
1155	-0.332912	0.992489	0.000150005	1	0.511604	-0.982825	0.752654	0.965086	0.978015	0.00459997	
1156	-0.332912	0.992489	0.000150002	1	0.511604	-0.982825	0.752654	0.965086	0.978015	0.00459997	
1157	-0.332912	0.992489	0.000150001	1	0.511604	-0.982825	0.752654	0.965086	0.978015	0.00459997	
1158	-0.332912	0.992489	0.000150001	1	0.511604	-0.982825	0.752654	0.965086	0.978015	0.00459997	
1159	-0.332912	0.992489	0.00015	1	0.511604	-0.982825	0.752654	0.965086	0.978015	0.00459997	
1160	-0.332912	0.992489	0.00015	1	0.511604	-0.982825	0.752654	0.965086	0.978015	0.00459997	
1161	-0.332912	0.992489	0.00015	1	0.511604	-0.982825	0.752654	0.965086	0.978015	0.00459997	
1162	-0.332912	0.992489	0.00015	1	0.511604	-0.982825	0.752654	0.965086	0.978015	0.00459997	
1163	-0.332912	0.992489	0.00015	1	0.511604	-0.982825	0.752654	0.965086	0.978015	0.00459997	
1164	-0.332912	0.992489	0.00015	1	0.511604	-0.982825	0.752654	0.965086	0.978015	0.00459997	
1165	-0.332912	0.992489	0.00015	1	0.511604	-0.982825	0.752654	0.965086	0.978015	0.00459997	
1166	-0.332912	0.992489	0.00015	1	0.511604	-0.982825	0.752654	0.965086	0.978015	0.00459997	
1167	-0.332912	0.992489	0.00015	1	0.511604	-0.982825	0.752654	0.965086	0.978015	0.00459997	
1168	-0.332912	0.992489	0.00015	1	0.511604	-0.982825	0.752654	0.965086	0.978015	0.00459997	
1169	-0.332912	0.992489	0.00015	1	0.511604	-0.982825	0.752654	0.965086	0.978015	0.00459997	
1170	-0.332912	0.992489	0.00015	1	0.511604	-0.982825	0.752654	0.965086	0.978015	0.00459997	
1171	-0.332912	0.992489	0.00015	1	0.511604	-0.982825	0.752654	0.965086	0.978015	0.00459997	
1172	-0.332912	0.992489	0.00015	1	0.511604	-0.982825	0.752654	0.965086	0.978015	0.00459997	
1173	-0.332912	0.992489	0.00015	1	0.511604	-0.982825	0.752654	0.965086	0.978015	0.00459997	
1174	-0.332912	0.992489	0.00015	1	0.511604	-0.982825	0.752654	0.965086	0.978015	0.00459997	
1175	-0.332912	0.992489	0.00015	1	0.511604	-0.982825	0.752654	0.965086	0.978015	0.00459997	
1176	-0.332912	0.992489	0.00015	1	0.511604	-0.982825	0.752654	0.965086	0.978015	0.00459997	
1177	-0.332912	0.992489	0.00015	1	0.511604	-0.982825	0.752654	0.965086	0.978015	0.00459997	
1178	-0.332912	0.992489	0.00015	1	0.511604	-0.982825	0.752654	0.965086	0.978015	0.00459997	
1179	-0.332912	0.992489	0.00015	1	0.511604	-0.982825	0.752654	0.965086	0.978015	0.00459997	
1180	-0.332912	0.992489	0.00015	1	0.511604	-0.982825	0.752654	0.965086	0.978015	0.00459997	
1181	-0.332912	0.992489	0.00015	1	0.511604	-0.982825	0.752654	0.965086	0.978015	0.00459997	
1182	-0.332912	0.992489	0.00015	1	0.511604	-0.982825	0.752654	0.965086	0.978015	0.00459997	
1183	-0.332912	0.992489	0.00015	1	0.511604	-0.982825	0.752654	0.965086	0.978015	0.00459997	
1184	-0.332912	0.992489	0.00015	1	0.511604	-0.982825	0.752654	0.965086	0.978015	0.00459997	
1185	-0.332912	0.992489	0.00015	1	0.511604	-0.982825	0.752654	0.965086	0.978015	0.00459997	
1186	-0.332912	0.992489	0.00015	1	0.511604	-0.982825	0.752654	0.965086	0.978015	0.00459997	
1187	-0.332912	0.992489	0.00015	1	0.511604	-0.982825	0.752654	0.965086	0.978015	0.00459997	
1188	-0.332912	0.992489	0.00015	1	0.511604	-0.982825	0.752654	0.965086	0.978015	0.00459997	
1189	-0.332912	0.992489	0.00015	1	0.511604	-0.982825	0.752654	0.965086	0.978015	0.00459997	
1190	-0.332912	0.992489	0.00015	1	0.511604	-0.982825	0.752654	0.965086	0.978015	0.00459997	
1191	-0.332912	0.992489	0.00015	1	0.511604	-0.982825	0.752654	0.965086	0.978015	0.00459997	
1192	-0.332912	0.992489	0.00015	1	0.511604	-0.982825	0.752654	0.965086	0.978015	0.00459997	
1193	-0.332912	0.992489	0.00015	1	0.511604	-0.982825	0.752654	0.965086	0.978015	0.00459997	
1194	-0.332912	0.992489	0.00015	1	0.511604	-0.982825	0.752654	0.965086	0.978015	0.00459997	
1195	-0.332912	0.992489	0.00015	1	0.511604	-0.982825	0.752654	0.965086	0.978015	0.00459997	
1196	-0.332912	0.992489	0.00015	1	0.511604	-0.982825	0.752654	0.965086	0.978015	0.00459997	
1197	-0.332912	0.992489	0.00015	1	0.511604	-0.982825	0.752654	0.965086	0.978015	0.00459997	
1198	-0.332912	0.992489	0.000150001	1	0.511604	-0.982825	0.752654	0.965086	0.978015	0.00459997	
1199	-0.332912	0.992489	0.000150001	1	0.511604	-0.982825	0.752654	0.965086	0.978015	0.00459997	
1200	-0.332912	0.992489	0.000150002	1	0.511604	-0.982825	0.752654	0.965086	0.978015	0.00459997	
1201	-0.332912	0.992489	0.000150004	1	0.511604	-0.982825	0.752654	0.965086	0.978015	0.00459997	
1202	-0.332912	0.992489	0.000150008	1	0.511604	-0.982825	0.752654	0.965086	0.978015	0.00459997	
1203	-0.332912	0.992489	0.000150018	1	0.511604	-0.982825	0.752654	0.965086	0.978015	0.00459997	
1204	-0.332912	0.992489	0.000150038	1	0.511604	-0.982825	0.752654	0.965086	0.978015	0.00459997	
1205	-0.332912	0.992489	0.000150086	1	0.511604	-0.982825	0.752654	0.965086	0.978015	0.00459997	
1206	-0.332912	0.992489	0.000150197	1	0.511604	-0.982825	0.752654	0.965086	0.978015	0.00459998	
1207	-0.332912	0.992489	0.000150461	1	0.511604	-0.982825	0.752654	0.965086	0.978015	0.00459999	
1208	-0.332912	0.992489	0.000151099	1	0.511604	-0.982825	0.752654	0.965086	0.978015	0.00460001	
1209	-0.332912	0.992489	0.00015267	1	0.511604	-0.982825	0.752654	0.965086	0.978015	0.00460007	
1210	-0.332911	0.992489	0.000156605	1	0.511604	-0.982825	0.752654	0.965086	0.978015	0.00460023	
1211	-0.33291	0.992489	0.000166619	1	0.511603	-0.982825	0.752655	0.965086	0.978015	0.00460063	
1212	-0.332906	0.992488	0.000192485	1	0.511602	-0.982825	0.752655	0.965086	0.978015	0.00460166	
1213	-0.332896	0.992487	0.000260235	1	0.5116	-0.982825	0.752655	0.965086	0.978015	0.00460436	
1214	-0.33287	0.992484	0.000440002	1	0.511593	-0.982825	0.752657	0.965086	0.978015	0.00461153	
1215	-0.332801	0.992475	0.000922702	1	0.511575	-0.982826	0.752662	0.965086	0.978014	0.00463078	
1216	-0.332612	0.992452	0.00223291	1	0.511525	-0.982828	0.752674	0.965086	0.978013	0.00468303	
1217	-0.332093	0.992388	0.00582376	1	0.511388	-0.982835	0.752709	0.965086	0.978008	0.00482623	
1218	-0.330659	0.992207	0.0157471	1	0.51101	-0.982853	0.752803	0.965086	0.977996	0.005222	
1219	-0.326661	0.991683	0.0433359	1	0.509958	-0.982903	0.753067	0.965086	0.977962	0.00632322	
1220	-0.315429	0.990022	0.119932	1	0.507011	-0.983041	0.753803	0.965086	0.977866	0.00939966	
1221	-0.283633	0.983438	0.323661	1	0.498727	-0.98342	0.755845	0.965086	0.977595	0.0179807	
1222	-0.193152	0.93437	0.729324	1	0.475483	-0.984421	0.761384	0.965086	0.976836	0.0415493	
1223	0.0557228	-0.142526	0.985961	1	0.411433	-0.986767	0.775373	0.965086	0.974724	0.102969	
1224	0.561173	-0.999679	0.999989	1	0.248318	-0.990916	0.804876	0.965085	0.969114	0.24071	
1225	0.928388	-1	1	1	-0.0712227	-0.995108	0.845868	0.963937	0.954661	0.456941	
1226	0.995876	-1	1	0.341571	-0.738208	-0.833558	0.460665	0.152198	-0.359416	0.64474	
1227	0.999167	-1	1	-0.293989	-0.844108	-0.85439	0.484553	0.000113125	-0.593673	0.74255	
1228	0.999604	-1	1	-0.320646	-0.874854	-0.883971	0.52224	7.79304e-08	-0.634417	0.780846	
1229	0.999706	-1	1	-0.330982	-0.885458	-0.894126	0.536746	5.471e-11	-0.649726	0.79467	
1230	0.999736	-1	1	-0.33478	-0.889157	-0.897662	0.542026	3.95239e-14	-0.655253	0.799579	
1231	0.999747	-1	1	-0.336145	-0.890461	-0.898907	0.543917	0	-0.657225	0.80132	
1232	0.99975	-1	1	-0.336633	-0.890924	-0.899349	0.544592	0	-0.657929	0.80194	
1233	0.999751	-1	1	-0.336808	-0.89109	-0.899507	0.544834	0	-0.658181	0.802162	
1234	0.999752	-1	1	-0.336871	-0.89115	-0.899564	0.544921	0	-0.658272	0.802242	
1235	0.999752	-1	1	-0.336894	-0.891171	-0.899584	0.544953	0	-0.658305	0.802271	
1236	0.999752	-1	1	-0.336903	-0.891179	-0.899592	0.544964	0	-0.658317	0.802282	
1237	0.999752	-1	1	-0.336906	-0.891182	-0.899595	0.544969	0	-0.658321	0.802285	
1238	0.999752	-1	1	-0.336907	-0.891183	-0.899596	0.54497	0	-0.658323	0.802287	
1239	0.999752	-1	1	-0.336907	-0.891184	-0.899596	0.544971	0	-0.658324	0.802287	
1240	0.999752	-1	1	-0.336907	-0.891184	-0.899596	0.544971	0	-0.658324	0.802288	
1241	0.999752	-1	1	-0.336908	-0.891184	-0.899596	0.544971	0	-0.658324	0.802288	
1242	0.999752	-1	1	-0.336908	-0.891184	-0.899597	0.544971	0	-0.658324	0.802288	
1243	0.999752	-1	1	-0.336908	-0.891184	-0.899597	0.544971	0	-0.658324	0.802288	
1244	0.999752	-1	1	-0.336908	-0.891184	-0.899597	0.544971	0	-0.658324	0.802288	
1245	0.999752	-1	1	-0.336908	-0.891184	-0.899597	0.544971	0	-0.658324	0.802288	
1246	0.999752	-1	1	-0.336908	-0.891184	-0.899597	0.544971	0	-0.658324	0.802288	
1247	0.999752	-1	1	-0.336908	-0.891184	-0.899597	0.544971	0	-0.658324	0.802288	
1248	0.999752	-1	1	-0.336908	-0.891184	-0.899597	0.544971	0	-0.658324	0.802288	
1249	0.999752	-1	1	-0.336908	-0.891184	-0.899597	0.544971	0	-0.658324	0.802288	
1250	0.999752	-1	1	-0.336908	-0.891184	-0.899597	0.544971	0	-0.658324	0.802288	
1251	0.999752	-1	1	-0.336908	-0.891184	-0.899597	0.544971	0	-0.658324	0.802288	
1252	0.999752	-1	1	-0.336908	-0.891184	-0.899597	0.544971	0	-0.658324	0.802288	
1253	0.999752	-1	1	-0.336908	-0.891184	-0.899597	0.544971	0	-0.658324	0.802288	
1254	0.999752	-1	1	-0.336908	-0.891184	-0.899597	0.544971	0	-0.658324	0.802288	
1255	0.999752	-1	1	-0.336908	-0.891184	-0.899597	0.544971	0	-0.658324	0.802288	
1256	0.999752	-1	1	-0.336908	-0.891184	-0.899597	0.544971	0	-0.658324	0.802288	
1257	0.999752	-1	1	-0.336908	-0.891184	-0.899597	0.544971	0	-0.658324	0.802288	
1258	0.999752	-1	1	-0.336908	-0.891184	-0.899597	0.544971	0	-0.658324	0.802288	
1259	0.999752	-1	1	-0.336908	-0.891184	-0.899597	0.544971	0	-0.658324	0.802288	
1260	0.999752	-1	1	-0.336908	-0.891184	-0.899597	0.544971	0	-0.658324	0.802288	
1261	0.999752	-1	1	-0.336908	-0.891184	-0.899597	0.544971	0	-0.658324	0.802288	
1262	0.999752	-1	1	-0.336908	-0.891184	-0.899597	0.544971	0	-0.658324	0.802288	
1263	0.999752	-1	1	-0.336908	-0.891184	-0.899597	0.544971	0	-0.658324	0.802288	
1264	0.999752	-1	1	-0.336908	-0.891184	-0.899597	0.544971	0	-0.658324	0.802288	
1265	0.999752	-1	1	-0.336908	-0.891184	-0.899597	0.544971	0	-0.658324	0.802288	
1266	0.999752	-1	1	-0.336908	-0.891184	-0.899597	0.544971	0	-0.658324	0.802288	
1267	0.999752	-1	1	-0.336908	-0.891184	-0.899597	0.544971	0	-0.658324	0.802288	
1268	0.999752	-1	1	-0.336908	-0.891184	-0.899597	0.544971	0	-0.658324	0.802288	
1269	0.999752	-1	1	-0.336908	-0.891184	-0.899597	0.544971	0	-0.658324	0.802288	
1270	0.999752	-1	1	-0.336908	-0.891184	-0.899597	0.544971	0	-0.658324	0.802288	
1271	0.999752	-1	1	-0.336908	-0.891184	-0.899597	0.544971	0	-0.658324	0.802288	
1272	0.999752	-1	1	-0.336908	-0.891184	-0.899597	0.544971	0	-0.658324	0.802288	
1273	0.999752	-1	1	-0.336908	-0.891184	-0.899597	0.544971	0	-0.658324	0.802288	
1274	0.999752	-1	1	-0.336908	-0.891184	-0.899597	0.544971	0	-0.658324	0.802288	
1275	0.999752	-1	1	-0.336908	-0.891184	-0.899597	0.544971	0	-0.658324	0.802288	
1276	0.999752	-1	1	-0.336908	-0.891184	-0.899597	0.544971	0	-0.658324	0.802288	
1277	0.999752	-1	1	-0.336908	-0.891184	-0.899597	0.544971	0	-0.658324	0.802288	
1278	0.999752	-1	1	-0.336908	-0.891184	-0.899597	0.544971	0	-0.658324	0.802288	
1279	0.999752	-1	1	-0.336908	-0.891184	-0.899597	0.544971	0	-0.658324	0.802288	
1280	0.999752	-1	1	-0.336908	-0.891184	-0.899597	0.544971	0	-0.658324	0.802288	
1281	0.999752	-1	1	-0.336908	-0.891184	-0.899597	0.544971	0	-0.658324	0.802288	
1282	0.999752	-1	1	-0.336908	-0.891184	-0.899597	0.544971	0	-0.658324	0.802288	
1283	0.999752	-1	1	-0.336908	-0.891184	-0.899597	0.544971	0	-0.658324	0.802288	
1284	0.999752	-1	1	-0.336908	-0.891184	-0.899597	0.544971	0	-0.658324	0.802288	
1285	0.999752	-1	1	-0.336908	-0.891184	-0.899597	0.544971	0	-0.658324	0.802288	
1286	0.999752	-1	1	-0.336908	-0.891184	-0.899597	0.544971	0	-0.658324	0.802288	
1287	0.999752	-1	1	-0.336908	-0.891184	-0.899597	0.544971	0	-0.658324	0.802288	
1288	0.999752	-1	1	-0.336908	-0.891184	-0.899597	0.544971	0	-0.658324	0.802288	
1289	0.999752	-1	1	-0.336908	-0.891184	-0.899597	0.544971	0	-0.658324	0.802288	
1290	0.999752	-1	1	-0.336908	-0.891184	-0.899597	0.544971	0	-0.658324	0.802288	
1291	0.999752	-1	1	-0.336908	-0.891184	-0.899597	0.544971	0	-0.658324	0.802288	
1292	0.999752	-1	1	-0.336908	-0.891184	-0.899597	0.544971	0	-0.658324	0.802288	
1293	0.999752	-1	1	-0.336908	-0.891184	-0.899597	0.544971	0	-0.658324	0.802288	
1294	0.999752	-1	1	-0.336908	-0.891184	-0.899597	0.544971	0	-0.658324	0.802288	
1295	0.999752	-1	1	-0.336908	-0.891184	-0.899597	0.544971	0	-0.658324	0.802288	
1296	0.999752	-1	1	-0.336908	-0.891184	-0.899597	0.544971	0	-0.658324	0.802288	
1297	0.999752	-1	1	-0.336908	-0.891184	-0.899597	0.544971	0	-0.658324	0.802288	
1298	0.999752	-1	1	-0.336908	-0.891184	-0.899597	0.544971	0	-0.658324	0.802288	
1299	0.999752	-1	1	-0.336908	-0.891184	-0.899597	0.544971	0	-0.658324	0.802288	
1300	0.999752	-1	1	-0.336908	-0.891184	-0.899597	0.544971	0	-0.658324	0.802288	
1301	0.999752	-1	1	-0.336908	-0.891184	-0.899597	0.544971	0	-0.658324	0.802288	
1302	0.999752	-1	1	-0.336908	-0.891184	-0.899597	0.544971	0	-0.658324	0.802288	
1303	0.999752	-1	1	-0.336908	-0.891184	-0.899597	0.544971	0	-0.658324	0.802288	
1304	0.999752	-1	1	-0.336907	-0.891184	-0.899596	0.544971	0	-0.658324	0.802288	
1305	0.999752	-1	1	-0.336907	-0.891184	-0.899596	0.544971	0	-0.658324	0.802288	
1306	0.999752	-1	1	-0.336907	-0.891184	-0.899596	0.544971	0	-0.658324	0.802287	
1307	0.999752	-1	1	-0.336907	-0.891183	-0.899596	0.54497	0	-0.658323	0.802287	
1308	0.999752	-1	1	-0.336905	-0.891182	-0.899594	0.544968	0	-0.65832	0.802285	
1309	0.999752	-1	1	-0.336901	-0.891178	-0.89959	0.544962	0	-0.658314	0.802279	
1310	0.999752	-1	1	-0.336889	-0.891167	-0.89958	0.544946	0	-0.658298	0.802265	
1311	0.999752	-1	1	-0.336858	-0.891137	-0.899552	0.544903	0	-0.658253	0.802225	
1312	0.999751	-1	1	-0.336771	-0.891055	-0.899474	0.544783	0	-0.658128	0.802115	
1313	0.999749	-1	1	-0.336531	-0.890828	-0.899256	0.544451	0	-0.657782	0.801811	
1314	0.999744	-1	1	-0.33586	-0.89019	-0.898648	0.543522	0	-0.656814	0.800957	
1315	0.99973	-1	1	-0.333984	-0.88839	-0.896929	0.540921	6.66134e-16	-0.654098	0.798557	
1316	0.999687	-1	1	-0.328783	-0.883269	-0.892033	0.533677	9.25704e-13	-0.646503	0.791787	
1317	0.999533	-1	1	-0.314836	-0.868536	-0.877903	0.513998	1.29994e-09	-0.625637	0.772769	
1318	0.998781	-1	1	-0.280755	-0.825809	-0.836603	0.464439	1.86891e-06	-0.571646	0.720798	
1319	0.99247	-1	1	-0.203916	-0.708773	-0.723532	0.363064	0.00272503	-0.451713	0.594996	
1320	0.887347	-1	1	0.999927	-0.143416	-0.971407	0.703708	0.87205	0.836609	0.384998	
1321	0.387509	-0.99138	0.999817	1	0.314113	-0.989462	0.793679	0.965039	0.971393	0.187796	
1322	-0.0478223	0.546313	0.950557	1	0.438387	-0.985845	0.769695	0.965086	0.975617	0.077716	
1323	-0.231759	0.963095	0.590316	1	0.485356	-0.984007	0.759065	0.965086	0.977159	0.0316276	
1324	-0.297201	0.986638	0.23969	1	0.502252	-0.98326	0.754981	0.965086	0.97771	0.0143413	
1325	-0.320212	0.990765	0.0875119	1	0.508265	-0.982982	0.753491	0.965086	0.977906	0.00809269	
1326	-0.32836	0.99191	0.0316274	1	0.510405	-0.982881	0.752955	0.965086	0.977976	0.00585565	
1327	-0.331267	0.992284	0.0115404	1	0.511171	-0.982845	0.752763	0.965086	0.978001	0.00505422	
1328	-0.332313	0.992415	0.00430457	1	0.511446	-0.982832	0.752694	0.965086	0.97801	0.00476565	
1329	-0.332691	0.992462	0.00167995	1	0.511546	-0.982827	0.752669	0.965086	0.978013	0.00466098	
1330	-0.33283	0.992479	0.000719549	1	0.511582	-0.982826	0.75266	0.965086	0.978015	0.00462268	
1331	-0.332881	0.992485	0.000364577	1	0.511596	-0.982825	0.752656	0.965086	0.978015	0.00460852	
1332	-0.3329	0.992488	0.000231905	1	0.511601	-0.982825	0.752655	0.965086	0.978015	0.00460323	
1333	-0.332908	0.992489	0.000181709	1	0.511603	-0.982825	0.752655	0.965086	0.978015	0.00460123	
1334	-0.33291	0.992489	0.000162464	1	0.511604	-0.982825	0.752654	0.965086	0.978015	0.00460046	
1335	-0.332912	0.992489	0.000154979	1	0.511604	-0.982825	0.752654	0.965086	0.978015	0.00460017	
1336	-0.332912	0.992489	0.000152024	1	0.511604	-0.982825	0.752654	0.965086	0.978015	0.00460005	
1337	-0.332912	0.992489	0.000150838	1	0.511604	-0.982825	0.752654	0.965086	0.978015	0.0046	
1338	-0.332912	0.992489	0.000150354	1	0.511604	-0.982825	0.752654	0.965086	0.978015	0.00459998	
1339	-0.332912	0.992489	0.000150152	1	0.511604	-0.982825	0.752654	0.965086	0.978015	0.00459997	
1340	-0.332912	0.992489	0.000150067	1	0.511604	-0.982825	0.752654	0.965086	0.978015	0.00459997	
1341	-0.332912	0.992489	0.00015003	1	0.511604	-0.982825	0.752654	0.965086	0.978015	0.00459997	
1342	-0.332912	0.992489	0.000150014	1	0.511604	-0.982825	0.752654	0.965086	0.978015	0.00459997	
1343	-0.332912	0.992489	0.000150007	1	0.511604	-0.982825	0.752654	0.965086	0.978015	0.00459997	
1344	-0.332912	0.992489	0.000150003	1	0.511604	-0.982825	0.752654	0.965086	0.978015	0.00459997	
1345	-0.332912	0.992489	0.000150002	1	0.511604	-0.982825	0.752654	0.965086	0.978015	0.00459997	
1346	-0.332912	0.992489	0.000150001	1	0.511604	-0.982825	0.752654	0.965086	0.978015	0.00459997	
1347	-0.332912	0.992489	0.00015	1	0.511604	-0.982825	0.752654	0.965086	0.978015	0.00459997	
1348	-0.332912	0.992489	0.00015	1	0.511604	-0.982825	0.752654	0.965086	0.978015	0.00459997	
1349	-0.332912	0.992489	0.00015	1	0.511604	-0.982825	0.752654	0.965086	0.978015	0.00459997	
1350	-0.332912	0.992489	0.00015	1	0.511604	-0.982825	0.752654	0.965086	0.978015	0.00459997	
1351	-0.332912	0.992489	0.00015	1	0.511604	-0.982825	0.752654	0.965086	0.978015	0.00459997	
1352	-0.332912	0.992489	0.00015	1	0.511604	-0.982825	0.752654	0.965086	0.978015	0.00459997	
1353	-0.332912	0.992489	0.00015	1	0.511604	-0.982825	0.752654	0.965086	0.978015	0.00459997	
1354	-0.332912	0.992489	0.00015	1	0.511604	-0.982825	0.752654	0.965086	0.978015	0.00459997	
1355	-0.332912	0.992489	0.00015	1	0.511604	-0.982825	0.752654	0.965086	0.978015	0.00459997	
1356	-0.332912	0.992489	0.00015	1	0.511604	-0.982825	0.752654	0.965086	0.978015	0.00459997	
1357	-0.332912	0.992489	0.00015	1	0.511604	-0.982825	0.752654	0.965086	0.978015	0.00459997	
1358	-0.332912	0.992489	0.00015	1	0.511604	-0.982825	0.752654	0.965086	0.978015	0.00459997	
1359	-0.332912	0.992489	0.00015	1	0.511604	-0.982825	0.752654	0.965086	0.978015	0.00459997	
1360	-0.332912	0.992489	0.00015	1	0.511604	-0.982825	0.752654	0.965086	0.978015	0.00459997	
1361	-0.332912	0.992489	0.00015	1	0.511604	-0.982825	0.752654	0.965086	0.978015	0.00459997	
1362	-0.332912	0.992489	0.00015	1	0.511604	-0.982825	0.752654	0.965086	0.978015	0.00459997	
1363	-0.332912	0.992489	0.00015	1	0.511604	-0.982825	0.752654	0.965086	0.978015	0.00459997	
1364	-0.332912	0.992489	0.00015	1	0.511604	-0.982825	0.752654	0.965086	0.978015	0.00459997	
1365	-0.332912	0.992489	0.00015	1	0.511604	-0.982825	0.752654	0.965086	0.978015	0.00459997	
1366	-0.332912	0.992489	0.00015	1	0.511604	-0.982825	0.752654	0.965086	0.978015	0.00459997	
1367	-0.332912	0.992489	0.00015	1	0.511604	-0.982825	0.752654	0.965086	0.978015	0.00459997	
1368	-0.332912	0.992489	0.00015	1	0.511604	-0.982825	0.752654	0.965086	0.978015	0.00459997	
1369	-0.332912	0.992489	0.00015	1	0.511604	-0.982825	0.752654	0.965086	0.978015	0.00459997	
1370	-0.332912	0.992489	0.00015	1	0.511604	-0.982825	0.752654	0.965086	0.978015	0.00459997	
1371	-0.332912	0.992489	0.00015	1	0.511604	-0.982825	0.752654	0.965086	0.978015	0.00459997	
1372	-0.332912	0.992489	0.00015	1	0.511604	-0.982825	0.752654	0.965086	0.978015	0.00459997	
1373	-0.332912	0.992489	0.00015	1	0.511604	-0.982825	0.752654	0.965086	0.978015	0.00459997	
1374	-0.332912	0.992489	0.00015	1	0.511604	-0.982825	0.752654	0.965086	0.978015	0.00459997	
1375	-0.332912	0.992489	0.00015	1	0.511604	-0.982825	0.752654	0.965086	0.978015	0.00459997	
1376	-0.332912	0.992489	0.00015	1	0.511604	-0.982825	0.752654	0.965086	0.978015	0.00459997	
1377	-0.332912	0.992489	0.00015	1	0.511604	-0.982825	0.752654	0.965086	0.978015	0.00459997	
1378	-0.332912	0.992489	0.00015	1	0.511604	-0.982825	0.752654	0.965086	0.978015	0.00459997	
1379	-0.332912	0.992489	0.00015	1	0.511604	-0.982825	0.752654	0.965086	0.978015	0.00459997	
1380	-0.332912	0.992489	0.00015	1	0.511604	-0.982825	0.752654	0.965086	0.978015	0.00459997	
1381	-0.332912	0.992489	0.00015	1	0.511604	-0.982825	0.752654	0.965086	0.978015	0.00459997	
1382	-0.332912	0.992489	0.00015	1	0.511604	-0.982825	0.752654	0.965086	0.978015	0.00459997	
1383	-0.332912	0.992489	0.00015	1	0.511604	-0.982825	0.752654	0.965086	0.978015	0.00459997	
1384	-0.332912	0.992489	0.00015	1	0.511604	-0.982825	0.752654	0.965086	0.978015	0.00459997	
1385	-0.332912	0.992489	0.00015	1	0.511604	-0.982825	0.752654	0.965086	0.978015	0.00459997	
1386	-0.332912	0.992489	0.00015	1	0.511604	-0.982825	0.752654	0.965086	0.978015	0.00459997	
1387	-0.332912	0.992489	0.000150001	1	0.511604	-0.982825	0.752654	0.965086	0.978015	0.00459997	
1388	-0.332912	0.992489	0.000150001	1	0.511604	-0.982825	0.752654	0.965086	0.978015	0.00459997	
1389	-0.332912	0.992489	0.000150003	1	0.511604	-0.982825	0.752654	0.965086	0.978015	0.00459997	
1390	-0.332912	0.992489	0.000150006	1	0.511604	-0.982825	0.752654	0.965086	0.978015	0.00459997	
1391	-0.332912	0.992489	0.000150012	1	0.511604	-0.982825	0.752654	0.965086	0.978015	0.00459997	
1392	-0.332912	0.992489	0.000150026	1	0.511604	-0.982825	0.752654	0.965086	0.978015	0.00459997	
1393	-0.332912	0.992489	0.000150058	1	0.511604	-0.982825	0.752654	0.965086	0.978015	0.00459997	
1394	-0.332912	0.992489	0.00015013	1	0.511604	-0.982825	0.752654	0.965086	0.978015	0.00459997	
1395	-0.332912	0.992489	0.000150302	1	0.511604	-0.982825	0.752654	0.965086	0.978015	0.00459998	
1396	-0.332912	0.992489	0.000150713	1	0.511604	-0.982825	0.752654	0.965086	0.978015	0.0046	
1397	-0.332912	0.992489	0.000151716	1	0.511604	-0.982825	0.752654	0.965086	0.978015	0.00460004	
1398	-0.332912	0.992489	0.000154207	1	0.511604	-0.982825	0.752654	0.965086	0.978015	0.00460014	
1399	-0.332911	0.992489	0.000160499	1	0.511604	-0.982825	0.752654	0.965086	0.978015	0.00460039	
1400	-0.332908	0.992489	0.000176631	1	0.511603	-0.982825	0.752655	0.965086	0.978015	0.00460103	
1401	-0.332902	0.992488	0.000218602	1	0.511601	-0.982825	0.752655	0.965086	0.978015	0.0046027	
1402	-0.332886	0.992486	0.000329269	1	0.511597	-0.982825	0.752656	0.965086	0.978015	0.00460712	
1403	-0.332844	0.992481	0.000624718	1	0.511586	-0.982825	0.752659	0.965086	0.978015	0.0046189	
1404	-0.332729	0.992467	0.00142249	1	0.511556	-0.982827	0.752667	0.965086	0.978014	0.00465071	
1405	-0.332414	0.992428	0.00359881	1	0.511473	-0.982831	0.752687	0.965086	0.978011	0.0047375	
1406	-0.331549	0.99232	0.00958957	1	0.511245	-0.982842	0.752745	0.965086	0.978004	0.00497641	
1407	-0.329146	0.992013	0.0262023	1	0.510612	-0.982872	0.752903	0.965086	0.977983	0.00563912	
1408	-0.32242	0.991089	0.0724368	1	0.508844	-0.982955	0.753346	0.965086	0.977925	0.00748767	
1409	-0.303453	0.987906	0.199397	1	0.503881	-0.983186	0.754579	0.965086	0.977763	0.0126531	
1410	-0.249567	0.971871	0.509231	1	0.489929	-0.98381	0.757974	0.965086	0.977308	0.0269872	
1411	-0.0971053	0.750837	0.910808	1	0.451005	-0.985383	0.766936	0.965086	0.976033	0.0656042	
1412	0.286415	-0.955146	0.999255	1	0.346544	-0.988669	0.787997	0.965086	0.972543	0.16062	
1413	0.799492	-1	1	1	0.106261	-0.993272	0.825855	0.965055	0.96373	0.344488	
1414	0.980824	-1	1	0.999979	-0.374001	-0.989721	0.796323	0.908503	0.846207	0.563023	
1415	0.998401	-1	1	-0.255826	-0.811268	-0.824428	0.451528	0.00418352	-0.55221	0.70446	
1416	0.999471	-1	1	-0.310468	-0.863621	-0.873177	0.507777	2.86941e-06	-0.618968	0.766564	
1417	0.999671	-1	1	-0.327103	-0.881572	-0.890408	0.531325	1.99358e-09	-0.644027	0.789563	
1418	0.999725	-1	1	-0.333371	-0.887796	-0.896362	0.54007	1.41731e-12	-0.653208	0.797768	
1419	0.999743	-1	1	-0.33564	-0.88998	-0.898448	0.543218	1.11022e-15	-0.656496	0.800677	
1420	0.999749	-1	1	-0.336453	-0.890753	-0.899185	0.544342	0	-0.657669	0.801711	
1421	0.999751	-1	1	-0.336743	-0.891029	-0.899448	0.544744	0	-0.658087	0.80208	
1422	0.999752	-1	1	-0.336848	-0.891127	-0.899543	0.544889	0	-0.658238	0.802212	
1423	0.999752	-1	1	-0.336886	-0.891163	-0.899577	0.544941	0	-0.658292	0.80226	
1424	0.999752	-1	1	-0.336899	-0.891176	-0.899589	0.54496	0	-0.658312	0.802278	
1425	0.999752	-1	1	-0.336904	-0.891181	-0.899594	0.544967	0	-0.65832	0.802284	
1426	0.999752	-1	1	-0.336906	-0.891183	-0.899595	0.54497	0	-0.658322	0.802286	
1427	0.999752	-1	1	-0.336907	-0.891184	-0.899596	0.544971	0	-0.658323	0.802287	
1428	0.999752	-1	1	-0.336907	-0.891184	-0.899596	0.544971	0	-0.658324	0.802288	
1429	0.999752	-1	1	-0.336907	-0.891184	-0.899596	0.544971	0	-0.658324	0.802288	
1430	0.999752	-1	1	-0.336908	-0.891184	-0.899597	0.544971	0	-0.658324	0.802288	
1431	0.999752	-1	1	-0.336908	-0.891184	-0.899597	0.544971	0	-0.658324	0.802288	
1432	0.999752	-1	1	-0.336908	-0.891184	-0.899597	0.544971	0	-0.658324	0.802288	
1433	0.999752	-1	1	-0.336908	-0.891184	-0.899597	0.544971	0	-0.658324	0.802288	
1434	0.999752	-1	1	-0.336908	-0.891184	-0.899597	0.544971	0	-0.658324	0.802288	
1435	0.999752	-1	1	-0.336908	-0.891184	-0.899597	0.544971	0	-0.658324	0.802288	
1436	0.999752	-1	1	-0.336908	-0.891184	-0.899597	0.544971	0	-0.658324	0.802288	
1437	0.999752	-1	1	-0.336908	-0.891184	-0.899597	0.544971	0	-0.658324	0.802288	
1438	0.999752	-1	1	-0.336908	-0.891184	-0.899597	0.544971	0	-0.658324	0.802288	
1439	0.999752	-1	1	-0.336908	-0.891184	-0.899597	0.544971	0	-0.658324	0.802288	
1440	0.999752	-1	1	-0.336908	-0.891184	-0.899597	0.544971	0	-0.658324	0.802288	
1441	0.999752	-1	1	-0.336908	-0.891184	-0.899597	0.544971	0	-0.658324	0.802288	
1442	0.999752	-1	1	-0.336908	-0.891184	-0.899597	0.544971	0	-0.658324	0.802288	
1443	0.999752	-1	1	-0.336908	-0.891184	-0.899597	0.544971	0	-0.658324	0.802288	
1444	0.999752	-1	1	-0.336908	-0.891184	-0.899597	0.544971	0	-0.658324	0.802288	
1445	0.999752	-1	1	-0.336908	-0.891184	-0.899597	0.544971	0	-0.658324	0.802288	
1446	0.999752	-1	1	-0.336908	-0.891184	-0.899597	0.544971	0	-0.658324	0.802288	
1447	0.999752	-1	1	-0.336908	-0.891184	-0.899597	0.544971	0	-0.658324	0.802288	
1448	0.999752	-1	1	-0.336908	-0.891184	-0.899597	0.544971	0	-0.658324	0.802288	
1449	0.999752	-1	1	-0.336908	-0.891184	-0.899597	0.544971	0	-0.658324	0.802288	
1450	0.999752	-1	1	-0.336908	-0.891184	-0.899597	0.544971	0	-0.658324	0.802288	
1451	0.999752	-1	1	-0.336908	-0.891184	-0.899597	0.544971	0	-0.658324	0.802288	
1452	0.999752	-1	1	-0.336908	-0.891184	-0.899597	0.544971	0	-0.658324	0.802288	
1453	0.999752	-1	1	-0.336908	-0.891184	-0.899597	0.544971	0	-0.658324	0.802288	
1454	0.999752	-1	1	-0.336908	-0.891184	-0.899597	0.544971	0	-0.658324	0.802288	
1455	0.999752	-1	1	-0.336908	-0.891184	-0.899597	0.544971	0	-0.658324	0.802288	
1456	0.999752	-1	1	-0.336908	-0.891184	-0.899597	0.544971	0	-0.658324	0.802288	
1457	0.999752	-1	1	-0.336908	-0.891184	-0.899597	0.544971	0	-0.658324	0.802288	
1458	0.999752	-1	1	-0.336908	-0.891184	-0.899597	0.544971	0	-0.658324	0.802288	
1459	0.999752	-1	1	-0.336908	-0.891184	-0.899597	0.544971	0	-0.658324	0.802288	
1460	0.999752	-1	1	-0.336908	-0.891184	-0.899597	0.544971	0	-0.658324	0.802288	
1461	0.999752	-1	1	-0.336908	-0.891184	-0.899597	0.544971	0	-0.658324	0.802288	
1462	0.999752	-1	1	-0.336908	-0.891184	-0.899597	0.544971	0	-0.658324	0.802288	
1463	0.999752	-1	1	-0.336908	-0.891184	-0.899597	0.544971	0	-0.658324	0.802288	
1464	0.999752	-1	1	-0.336908	-0.891184	-0.899597	0.544971	0	-0.658324	0.802288	
1465	0.999752	-1	1	-0.336908	-0.891184	-0.899597	0.544971	0	-0.658324	0.802288	
1466	0.999752	-1	1	-0.336908	-0.891184	-0.899597	0.544971	0	-0.658324	0.802288	
1467	0.999752	-1	1	-0.336908	-0.891184	-0.899597	0.544971	0	-0.658324	0.802288	
1468	0.999752	-1	1	-0.336908	-0.891184	-0.899597	0.544971	0	-0.658324	0.802288	
1469	0.999752	-1	1	-0.336908	-0.891184	-0.899597	0.544971	0	-0.658324	0.802288	
1470	0.999752	-1	1	-0.336908	-0.891184	-0.899597	0.544971	0	-0.658324	0.802288	
1471	0.999752	-1	1	-0.336908	-0.891184	-0.899597	0.544971	0	-0.658324	0.802288	
1472	0.999752	-1	1	-0.336908	-0.891184	-0.899597	0.544971	0	-0.658324	0.802288	
1473	0.999752	-1	1	-0.336908	-0.891184	-0.899597	0.544971	0	-0.658324	0.802288	
1474	0.999752	-1	1	-0.336908	-0.891184	-0.899597	0.544971	0	-0.658324	0.802288	
1475	0.999752	-1	1	-0.336908	-0.891184	-0.899597	0.544971	0	-0.658324	0.802288	
1476	0.999752	-1	1	-0.336908	-0.891184	-0.899597	0.544971	0	-0.658324	0.802288	
1477	0.999752	-1	1	-0.336908	-0.891184	-0.899597	0.544971	0	-0.658324	0.802288	
1478	0.999752	-1	1	-0.336908	-0.891184	-0.899597	0.544971	0	-0.658324	0.802288	
1479	0.999752	-1	1	-0.336908	-0.891184	-0.899597	0.544971	0	-0.658324	0.802288	
1480	0.999752	-1	1	-0.336908	-0.891184	-0.899597	0.544971	0	-0.658324	0.802288	
1481	0.999752	-1	1	-0.336908	-0.891184	-0.899597	0.544971	0	-0.658324	0.802288	
1482	0.999752	-1	1	-0.336908	-0.891184	-0.899597	0.544971	0	-0.658324	0.802288	
1483	0.999752	-1	1	-0.336908	-0.891184	-0.899597	0.544971	0	-0.658324	0.802288	
1484	0.999752	-1	1	-0.336908	-0.891184	-0.899597	0.544971	0	-0.658324	0.802288	
1485	0.999752	-1	1	-0.336908	-0.891184	-0.899597	0.544971	0	-0.658324	0.802288	
1486	0.999752	-1	1	-0.336908	-0.891184	-0.899597	0.544971	0	-0.658324	0.802288	
1487	0.999752	-1	1	-0.336908	-0.891184	-0.899597	0.544971	0	-0.658324	0.802288	
1488	0.999752	-1	1	-0.336908	-0.891184	-0.899597	0.544971	0	-0.658324	0.802288	
1489	0.999752	-1	1	-0.336908	-0.891184	-0.899597	0.544971	0	-0.658324	0.802288	
1490	0.999752	-1	1	-0.336908	-0.891184	-0.899597	0.544971	0	-0.658324	0.802288	
1491	0.999752	-1	1	-0.336908	-0.891184	-0.899597	0.544971	0	-0.658324	0.802288	
1492	0.999752	-1	1	-0.336908	-0.891184	-0.899596	0.544971	0	-0.658324	0.802288	
1493	0.999752	-1	1	-0.336907	-0.891184	-0.899596	0.544971	0	-0.658324	0.802288	
1494	0.999752	-1	1	-0.336907	-0.891184	-0.899596	0.544971	0	-0.658324	0.802288	
1495	0.999752	-1	1	-0.336907	-0.891183	-0.899596	0.54497	0	-0.658323	0.802287	
1496	0.999752	-1	1	-0.336906	-0.891183	-0.899595	0.544969	0	-0.658322	0.802286	
1497	0.999752	-1	1	-0.336903	-0.89118	-0.899593	0.544965	0	-0.658318	0.802283	
1498	0.999752	-1	1	-0.336896	-0.891173	-0.899586	0.544956	0	-0.658308	0.802274	
1499	0.999752	-1	1	-0.336877	-0.891155	-0.899569	0.54493	0	-0.658281	0.80225	
1500	0.999751	-1	1	-0.336825	-0.891106	-0.899522	0.544857	0	-0.658205	0.802183	
1501	0.99975	-1	1	-0.33668	-0.890969	-0.899391	0.544657	0	-0.657997	0.802	
1502	0.999747	-1	1	-0.336277	-0.890587	-0.899026	0.544099	0	-0.657416	0.801488	
1503	0.999739	-1	1	-0.33515	-0.889511	-0.898	0.542538	0	-0.655787	0.800051	
1504	0.999714	-1	1	-0.332005	-0.886465	-0.895089	0.538171	2.57572e-14	-0.65122	0.796002	
1505	0.999634	-1	1	-0.323394	-0.877752	-0.886749	0.526116	3.57008e-11	-0.638526	0.784589	
1506	0.999311	-1	1	-0.301114	-0.852534	-0.862488	0.494288	5.07834e-08	-0.604406	0.752799	
1507	0.99726	-1	1	-0.25114	-0.780304	-0.792219	0.420186	7.36535e-05	-0.521729	0.669443	
1508	0.975231	-1	1	0.22446	-0.586172	-0.686985	0.336149	0.102194	-0.266506	0.494854	
1509	0.66166	-0.99997	0.999998	1	0.194254	-0.991298	0.808049	0.963313	0.965538	0.276617	
1510	0.131762	-0.606793	0.994523	1	0.39099	-0.98741	0.779496	0.965085	0.974042	0.121587	
1511	-0.163364	0.899029	0.806464	1	0.467889	-0.984729	0.763136	0.965086	0.976587	0.0490928	
1512	-0.273132	0.980472	0.384952	1	0.496007	-0.983542	0.756508	0.965086	0.977507	0.0207764	
1513	-0.311734	0.98941	0.144737	1	0.506044	-0.983086	0.754043	0.965086	0.977834	0.0104064	
1514	-0.325351	0.991503	0.0523477	1	0.509614	-0.982919	0.753154	0.965086	0.97795	0.00668341	
1515	-0.330191	0.992148	0.0189837	1	0.510887	-0.982859	0.752834	0.965086	0.977992	0.00535111	
1516	-0.331925	0.992367	0.00699075	1	0.511344	-0.982837	0.75272	0.965086	0.978007	0.00487277	
1517	-0.33255	0.992445	0.0026568	1	0.511509	-0.982829	0.752678	0.965086	0.978012	0.00469993	
1518	-0.332778	0.992473	0.00107807	1	0.511569	-0.982826	0.752663	0.965086	0.978014	0.00463698	
1519	-0.332862	0.992483	0.000497532	1	0.511591	-0.982825	0.752658	0.965086	0.978015	0.00461383	
