1  1.16519  0.282627
2  3.9747  0.418927
3  8.45724  0.641518
4  8.45724  2.06722
5  32.8365  7.08122
6  32.8365  13.386
7  35.4184  17.4272
8  35.4184  20.2646
9  35.4184  21.7897
10  35.4184  22.2421
11  35.4184  22.6017
12  41.069  22.9456
13  32.8365  23.6552
14  32.8365  21.6866
15  32.8365  22.9521
16  29.1544  22.1873
17  29.1544  20.8315
18  32.8365  22.6105
19  32.8365  22.7274
20  32.8365  24.3722
21  32.8365  23.2783
22  34.2063  25.0276
23  34.2063  25.243
24  34.2063  25.5131
25  32.8365  25.7635
26  32.8365  26.1981
27  32.8365  26.1326
28  32.8365  26.8058
29  32.8365  27.3824
30  32.8365  27.1131
31  32.8365  27.1279
32  32.8365  26.9534
33  35.6565  21.1932
34  31.83  22.0744
35  31.83  20.4748
36  31.83  21.4242
37  31.83  24.3055
38  31.83  27.6571
39  31.83  30.057
40  31.83  31.0162
41  31.83  31.3417
42  31.83  31.5045
43  31.83  31.179
44  31.83  31.5045
45  31.83  31.3417
46  31.83  31.5045
47  31.83  31.83
48  31.83  31.83
49  31.83  31.83
50  31.83  31.83
