1  4.36338  0.383684
2  4.69056  0.517584
3  3.14997  0.513917
4  2.82794  0.544122
5  4.30956  0.733429
6  2.50172  0.652844
7  6.13358  0.781952
8  2.99656  0.770831
9  3.65057  0.998036
10  4.1059  0.803195
11  3.3939  0.705264
12  3.48343  0.876496
13  6.97051  0.96643
14  6.45756  1.35854
15  5.82749  1.23839
16  35.0223  1.92643
17  6.11771  1.32383
18  6.22913  1.51899
19  4.22801  1.50615
20  5.44546  1.43347
21  9.18796  1.54637
22  9.14493  1.74242
23  9.97735  1.48795
24  11.2586  1.83212
25  10.3932  2.1749
26  5.56792  1.78857
27  9.59623  1.64445
28  5.38853  1.62452
29  6.72924  1.51397
30  8.7067  1.60206
31  11.0421  2.05609
32  9.9001  1.78525
33  8.48067  1.37697
34  12.5489  1.80503
35  8.864  2.43012
36  8.28324  2.06072
37  8.09242  1.84711
38  8.41731  1.83862
39  6.28511  1.4397
40  6.0811  1.79091
41  20.9533  2.16791
42  10.0022  2.6006
43  11.2472  2.0662
44  8.61606  2.72307
45  12.0549  2.38841
46  8.19453  2.22424
47  7.22336  2.06984
48  9.82722  2.82746
49  9.64516  2.50882
50  12.0941  2.5974
