1  1.1237  0.246263
2  1.61692  0.451288
3  2.14461  0.467788
4  10.6975  1.42604
5  22.4642  2.15209
6  51.5572  8.79335
7  126.33  17.7085
8  126.33  16.3884
9  65.7668  16.5724
10  242.898  19.2738
11  242.898  55.5232
12  242.898  57.943
13  242.898  57.0892
14  242.898  28.744
15  242.898  55.8435
16  242.898  73.7977
17  242.898  66.3955
18  242.898  55.9659
19  242.898  51.8353
20  242.898  51.1738
21  242.898  69.1519
22  242.898  51.7646
23  242.898  82.2623
24  243.108  74.984
25  243.108  68.9242
26  242.898  51.2031
27  242.898  39.3839
28  242.898  41.1436
29  242.898  57.195
30  242.898  37.1457
31  242.898  53.0227
32  242.898  75.0634
33  242.898  61.1107
34  242.898  28.9908
35  222.835  40.5671
36  227.423  39.2472
37  207.692  29.6995
38  43.2807  8.93616
39  128.037  17.051
40  128.037  24.814
41  126.458  19.3376
42  105.143  16.4888
43  231.972  38.5373
44  133.129  22.2727
45  253.788  36.8645
46  253.788  39.8199
47  253.788  63.3028
48  352.845  47.8335
49  352.845  83.9622
50  352.845  76.854
51  364.079  90.6717
52  364.079  113.165
53  352.845  90.2279
54  352.845  60.8133
55  191.576  47.7555
56  205.528  61.1944
57  150.784  29.1156
58  150.784  44.3971
59  155.726  44.0453
60  235.378  37.5269
61  139.065  33.2689
62  95.7522  22.3253
63  88.7952  26.4591
64  164.261  29.7906
65  140.74  44.5665
66  114.055  28.7411
67  146.84  21.9008
68  130.044  37.6582
69  336.668  67.5913
70  336.668  74.4833
71  96.6192  29.8253
72  233.905  43.7708
73  296.234  36.5902
74  296.234  58.1428
75  296.234  81.9985
76  321.959  50.1278
77  296.234  54.0795
78  413.94  99.4502
79  296.234  60.1384
80  296.234  76.3549
81  296.234  85.5711
82  296.234  94.5004
83  296.234  92.0236
84  296.234  96.4636
85  565.374  73.4427
86  565.374  68.8431
87  565.374  103.793
88  565.374  191.954
89  565.374  197.817
90  565.374  154.769
91  565.374  115.257
92  243.249  41.5784
93  291.352  85.4
94  239.99  48.8862
95  317.501  46.0934
96  243.418  41.137
97  243.418  51.2511
98  282.639  69.7935
99  158.01  38.3215
100  219.476  33.9425
