1  1.28038  0.445273
2  0.952586  0.291827
3  1.32528  0.602382
4  1.45711  0.870525
5  2.39649  0.839444
6  3.14672  1.13909
7  2.13452  1.03438
8  9.99869  2.39818
9  4.40942  2.26631
10  14.776  3.71842
11  14.776  5.42618
12  14.776  4.70257
13  6.70876  3.46933
14  6.79939  2.65614
15  5.93982  3.88252
16  6.96511  4.41644
17  6.28121  3.23125
18  6.53838  4.26889
19  8.53467  5.01125
20  6.0159  4.36901
21  8.66017  5.39167
22  8.4811  5.24385
23  10.2392  6.40957
24  10.2392  4.86647
25  10.641  4.6443
26  9.36891  5.26908
27  11.4789  5.69684
28  11.4789  6.19304
29  11.4789  4.94517
30  7.43764  3.92182
31  9.25295  4.2394
32  7.3488  2.69732
33  4.86756  2.22328
34  4.47129  1.59361
35  6.26288  2.81668
36  6.78854  3.45371
37  10.3158  3.76553
38  10.9988  4.11716
39  9.43517  2.52708
40  6.63758  3.19087
41  5.21141  2.69853
42  3.59484  1.55518
43  4.67282  2.24842
44  9.77184  3.76961
45  3.86675  2.12524
46  7.08287  2.8483
47  5.98543  2.66165
48  7.72675  3.11723
49  12.048  5.65139
50  6.72529  3.07884
51  9.65468  4.83556
52  8.35915  4.62565
53  6.69116  3.19999
54  7.27442  4.01676
55  9.56314  4.54015
56  9.56314  4.88027
57  9.8018  4.42391
58  10.9301  4.96107
59  9.5108  5.00215
60  6.55451  3.37378
61  8.71807  4.19996
62  7.26185  3.38983
63  6.6812  4.34105
64  9.29314  3.32729
65  22.7679  5.0644
66  5.48498  2.18637
67  7.12619  2.9763
68  7.10004  3.70377
69  5.84448  3.14731
70  5.76691  3.351
71  12.1334  5.19573
72  14.926  6.38799
73  17.2382  6.24168
74  17.2382  5.61121
75  16.9159  4.77352
76  11.0751  5.80738
77  20.6332  7.88551
78  21.2911  8.30905
79  21.2911  8.62364
80  19.5082  9.43351
81  14.0174  7.19354
82  17.4615  6.46176
83  30.6471  10.0366
84  18.7902  11.6147
85  27.58  9.94481
86  29.3204  8.83103
87  15.3605  7.54472
88  15.3605  7.57848
89  24.7262  11.4759
90  18.5612  7.89986
91  20.7663  8.79296
92  17.2461  7.22829
93  18.4168  5.24143
94  12.826  4.74355
95  9.78125  3.65291
96  18.998  6.72557
97  9.76408  5.28752
98  9.76408  6.39117
99  17.0978  8.43526
100  21.4007  6.53191
101  24.4669  10.5324
102  25.9298  9.1035
103  26.914  8.19042
104  18.8698  7.79372
105  22.3502  8.3632
106  18.5984  8.14751
107  17.1899  6.71952
108  22.5066  7.42529
109  22.5066  7.35153
110  22.5066  8.44005
111  22.5066  9.04402
112  22.5066  7.68512
113  22.5066  6.20682
114  22.5066  10.0997
115  19.8646  5.74726
116  19.8646  7.51723
117  15.4668  8.87803
118  14.382  8.74265
119  15.5258  8.36131
120  9.58001  3.58838
121  21.1392  7.74848
122  21.1392  6.34944
123  21.1392  5.64216
124  19.7687  9.85543
125  16.2585  8.32862
126  19.0418  8.83314
127  10.962  6.90401
128  10.962  6.81751
129  31.1873  9.11402
130  31.1873  10.4421
131  10.1217  5.72196
132  17.6177  9.15104
133  16.8816  7.72422
134  13.5986  8.21883
135  13.6758  6.40009
136  24.1181  8.25174
137  20.377  7.93218
138  10.5161  5.81679
139  20.0428  6.47471
140  20.0428  6.29051
141  14.4714  5.82898
142  18.6609  8.58132
143  20.8664  9.31225
144  15.8568  7.29544
145  23.8347  11.3824
146  13.7677  7.53298
147  14.1248  7.20581
148  10.9304  6.05619
149  19.7599  7.9049
150  15.495  7.25044
151  5.08977  2.8531
152  13.997  6.46135
153  14.1166  7.24306
154  13.3045  5.60547
155  16.0559  9.92665
156  14.1536  7.08603
157  14.1536  5.72508
158  11.6627  5.58299
159  9.7661  5.17372
160  9.18233  5.15484
161  19.101  5.22153
162  14.3959  4.1902
163  20.0878  8.03391
164  20.8301  8.58667
165  19.6482  7.36146
166  15.5676  6.12415
167  17.7114  8.07102
168  11.439  5.30509
169  15.8055  6.1738
170  8.36087  3.52832
171  10.7603  5.69554
172  20.4044  6.79379
173  20.4044  9.50665
174  22.3125  8.46632
175  23.4862  11.1567
176  19.1092  6.22215
177  18.5541  7.88196
178  18.5541  11.6795
179  18.5541  10.9709
180  21.547  8.14989
181  19.5742  9.46637
182  14.7759  5.41239
183  18.7121  7.66968
184  22.265  9.21769
185  19.324  7.1721
186  25.24  11.7914
187  18.2804  9.74018
188  16.9269  8.65185
189  20.2372  10.6547
190  13.7423  6.58671
191  12.5713  5.36263
192  14.2479  8.79046
193  13.3113  9.45082
194  22.0587  11.5103
195  12.599  5.58276
196  32.3766  8.49356
197  32.3766  8.36987
198  32.3766  12.2907
199  36.1612  12.0251
200  25.5841  11.4063
201  19.6925  7.85555
202  21.6224  7.69217
203  21.6224  13.0316
204  22.8494  10.5475
205  23.8722  11.8216
206  21.623  15.1775
207  19.3108  12.6695
208  16.199  8.56252
209  20.9551  9.51558
210  29.6314  12.8872
211  25.4104  12.4602
212  22.4403  8.76111
213  21.9394  13.0178
214  23.4751  12.8553
215  19.7381  11.4912
216  9.63325  4.456
217  20.9529  10.0623
218  20.5384  9.68168
219  25.1683  15.5156
220  24.1557  12.754
221  24.0029  13.4185
222  24.0029  11.7696
223  27.3436  11.6479
224  26.4947  11.7581
225  29.7515  12.7042
226  29.2972  12.3332
227  37.8762  11.3983
228  35.1116  8.63588
229  28.2065  6.8548
230  28.2065  11.2668
231  27.2577  13.7041
232  27.3494  11.3334
233  23.9633  16.1246
234  33.7165  11.6272
235  34.9849  16.2585
236  28.2479  7.99705
237  28.2479  14.9794
238  20.0289  5.5658
239  36.0124  15.5577
240  31.5911  9.65531
241  33.8402  18.1214
242  31.5911  16.834
243  25.3723  13.6656
244  31.5323  17.0604
245  29.1279  16.3519
246  23.0753  12.1971
247  22.1567  12.12
248  19.5064  9.8319
249  22.9901  9.44949
250  21.6758  8.76232
