1  10.8255  0.427291
2  10.8255  0.72369
3  9.99821  1.13683
4  22.496  2.99956
5  19.3547  4.02403
6  25.3942  5.80217
7  38.2778  6.13464
8  43.9475  8.10847
9  43.9475  8.7906
10  43.9475  9.81595
11  48.5557  10.0364
12  45.2885  12.0917
13  129.284  15.2067
14  264.471  20.8421
15  355.427  28.2599
16  355.427  34.0057
17  466.186  48.1297
18  363.318  34.766
19  499.371  45.2243
20  499.371  48.031
21  542.892  75.9415
22  499.371  61.3656
23  577.419  79.488
24  486.708  75.0746
25  592.529  79.4325
26  521.911  94.902
27  551.756  94.2748
28  498.476  72.433
29  529.591  101.406
30  489.126  110.804
31  548.724  116.446
32  477.769  96.6675
33  557.824  117.237
34  511.792  89.7628
35  670.58  100.292
36  670.58  107.261
37  667.207  111.34
38  633.601  103.06
39  481.724  114.113
40  825.549  155.222
41  659.33  144.418
42  594.86  144.812
43  645.652  123.731
44  778.197  136.52
45  770.426  108.489
46  792.277  139.217
47  704.209  144.428
48  672.78  123.245
49  739.547  147.144
50  754.173  151.536
