0	0.0817949	-0.106051	0.291833	0.0853868	-1.28786e-14	0.300687	-0.319511	-5.83977e-14	-0.466181	0.119582	
1	0.0606652	-0.0787092	0.219089	0.063335	-4.66294e-15	0.225925	-0.240517	-2.13163e-14	-0.357748	0.088793	
2	0.0425649	-0.0552489	0.1549	0.0444407	-1.77636e-15	0.159818	-0.170343	-7.99361e-15	-0.256595	0.062345	
3	0.0285685	-0.0370902	0.104392	0.0298284	-6.66134e-16	0.107737	-0.114907	-3.10862e-15	-0.1743	0.0418604	
4	0.0185708	-0.0241128	0.0679915	0.01939	-4.44089e-16	0.0701802	-0.0748739	-1.33227e-15	-0.113956	0.0272159	
5	0.0118208	-0.0153492	0.0433153	0.0123424	0	0.0447123	-0.0477092	-4.44089e-16	-0.0727192	0.0173251	
6	0.00743087	-0.00964908	0.0272387	0.00775874	0	0.0281179	-0.0300042	-2.22045e-16	-0.0457607	0.0108913	
7	0.00464151	-0.00602711	0.0170163	0.00484631	0	0.0175658	-0.0187446	0	-0.0285951	0.00680309	
8	0.00289293	-0.00375655	0.0106064	0.00302058	0	0.0109489	-0.0116838	0	-0.0178255	0.00424021	
9	0.00180439	-0.00234305	0.0066156	0.001884	0	0.00682924	-0.00728763	0	-0.0111189	0.00264472	
10	0.0011285	-0.00146539	0.00413758	0.0011783	0	0.0042712	-0.00455789	0	-0.00695415	0.00165407	
11	0.000708733	-0.00092031	0.00259853	0.000740005	0	0.00268244	-0.0028625	0	-0.00436745	0.0010388	
12	0.000447442	-0.000581017	0.00164052	0.000467185	0	0.0016935	-0.00180718	0	-0.0027573	0.000655825	
13	0.000284209	-0.000369054	0.00104204	0.00029675	0	0.00107569	-0.0011479	0	-0.0017514	0.000416571	
14	0.00018176	-0.00023602	0.000666413	0.00018978	0	0.000687934	-0.000734111	0	-0.00112007	0.000266409	
15	0.000117108	-0.000152069	0.000429371	0.000122276	0	0.000443238	-0.00047299	0	-0.000721665	0.000171648	
16	7.60597e-05	-9.87658e-05	0.000278869	7.94158e-05	0	0.000287875	-0.000307198	0	-0.000468708	0.000111482	
17	4.98229e-05	-6.46965e-05	0.000182673	5.20213e-05	0	0.000188572	-0.00020123	0	-0.000307027	7.30264e-05	
18	3.29327e-05	-4.27641e-05	0.000120746	3.43859e-05	0	0.000124646	-0.000133012	0	-0.000202944	4.82702e-05	
19	2.19766e-05	-2.85372e-05	8.05759e-05	2.29463e-05	0	8.31781e-05	-8.87614e-05	0	-0.000135428	3.22115e-05	
20	1.48124e-05	-1.92343e-05	5.43088e-05	1.5466e-05	0	5.60627e-05	-5.98259e-05	0	-9.12795e-05	2.17108e-05	
21	1.00883e-05	-1.30999e-05	3.69881e-05	1.05334e-05	0	3.81827e-05	-4.07456e-05	0	-6.21677e-05	1.47866e-05	
22	6.94582e-06	-9.01935e-06	2.54665e-05	7.2523e-06	0	2.62889e-05	-2.80535e-05	0	-4.28027e-05	1.01806e-05	
23	4.83644e-06	-6.28026e-06	1.77326e-05	5.04984e-06	0	1.83052e-05	-1.95339e-05	0	-2.9804e-05	7.08886e-06	
24	3.40721e-06	-4.42437e-06	1.24924e-05	3.55756e-06	0	1.28958e-05	-1.37614e-05	0	-2.09965e-05	4.99402e-06	
25	2.42948e-06	-3.15476e-06	8.90758e-06	2.53668e-06	0	9.19524e-06	-9.81247e-06	0	-1.49714e-05	3.56094e-06	
26	1.75401e-06	-2.27764e-06	6.431e-06	1.83141e-06	0	6.63868e-06	-7.0843e-06	0	-1.08089e-05	2.57089e-06	
27	1.28267e-06	-1.66558e-06	4.70283e-06	1.33926e-06	0	4.85471e-06	-5.18058e-06	0	-7.90427e-06	1.88003e-06	
28	9.50403e-07	-1.23413e-06	3.4846e-06	9.92339e-07	0	3.59714e-06	-3.83859e-06	0	-5.85674e-06	1.39302e-06	
29	7.13772e-07	-9.26854e-07	2.61701e-06	7.45267e-07	0	2.70152e-06	-2.88286e-06	0	-4.39853e-06	1.04619e-06	
30	5.4351e-07	-7.05764e-07	1.99275e-06	5.67492e-07	0	2.05711e-06	-2.19519e-06	0	-3.34931e-06	7.96633e-07	
31	4.19742e-07	-5.45048e-07	1.53896e-06	4.38263e-07	0	1.58866e-06	-1.6953e-06	0	-2.58661e-06	6.15225e-07	
32	3.2886e-07	-4.27034e-07	1.20575e-06	3.4337e-07	0	1.24469e-06	-1.32823e-06	0	-2.02656e-06	4.82016e-07	
33	2.61462e-07	-3.39516e-07	9.58637e-07	2.72999e-07	0	9.89595e-07	-1.05602e-06	0	-1.61123e-06	3.8323e-07	
34	2.11002e-07	-2.73993e-07	7.73629e-07	2.20313e-07	0	7.98612e-07	-8.52219e-07	0	-1.30027e-06	3.0927e-07	
35	1.72882e-07	-2.24492e-07	6.33863e-07	1.8051e-07	0	6.54333e-07	-6.98255e-07	0	-1.06536e-06	2.53396e-07	
36	1.43844e-07	-1.86786e-07	5.27398e-07	1.50191e-07	0	5.4443e-07	-5.80974e-07	0	-8.86423e-07	2.10835e-07	
37	1.21564e-07	-1.57854e-07	4.45708e-07	1.26928e-07	0	4.60102e-07	-4.90986e-07	0	-7.49123e-07	1.78179e-07	
38	1.04368e-07	-1.35525e-07	3.8266e-07	1.08973e-07	0	3.95018e-07	-4.21533e-07	0	-6.43155e-07	1.52974e-07	
39	9.10446e-08	-1.18224e-07	3.3381e-07	9.50618e-08	0	3.4459e-07	-3.67721e-07	0	-5.61051e-07	1.33446e-07	
40	8.07105e-08	-1.04805e-07	2.95921e-07	8.42718e-08	0	3.05477e-07	-3.25983e-07	0	-4.97368e-07	1.18299e-07	
41	7.27201e-08	-9.44291e-08	2.66624e-07	7.59288e-08	0	2.75235e-07	-2.9371e-07	0	-4.48128e-07	1.06587e-07	
42	6.66004e-08	-8.64825e-08	2.44187e-07	6.95391e-08	0	2.52073e-07	-2.68993e-07	-4.44089e-16	-4.10416e-07	9.76174e-08	
43	6.20068e-08	-8.05177e-08	2.27345e-07	6.47428e-08	0	2.34687e-07	-2.5044e-07	-8.88178e-16	-3.82109e-07	9.08846e-08	
44	5.86918e-08	-7.62131e-08	2.15191e-07	6.12816e-08	-4.44089e-16	2.2214e-07	-2.37051e-07	-1.77636e-15	-3.61681e-07	8.60257e-08	
45	5.64829e-08	-7.33448e-08	2.07092e-07	5.89752e-08	-8.88178e-16	2.1378e-07	-2.2813e-07	-4.44089e-15	-3.48069e-07	8.27881e-08	
46	5.52684e-08	-7.17677e-08	2.02639e-07	5.77071e-08	-2.66454e-15	2.09183e-07	-2.23224e-07	-1.13243e-14	-3.40585e-07	8.1008e-08	
47	5.49879e-08	-7.14035e-08	2.01611e-07	5.74143e-08	-6.66134e-15	2.08121e-07	-2.22091e-07	-3.04201e-14	-3.38857e-07	8.0597e-08	
48	5.56276e-08	-7.22342e-08	2.03956e-07	5.80823e-08	-1.86517e-14	2.10543e-07	-2.24675e-07	-8.43769e-14	-3.42799e-07	8.15347e-08	
49	5.72188e-08	-7.43009e-08	2.09791e-07	5.9744e-08	-5.32907e-14	2.16567e-07	-2.31103e-07	-2.42251e-13	-3.52606e-07	8.38677e-08	
50	5.98407e-08	-7.77068e-08	2.19407e-07	6.24827e-08	-1.58096e-13	2.26494e-07	-2.41697e-07	-7.17426e-13	-3.68769e-07	8.77126e-08	
51	6.36258e-08	-8.2626e-08	2.33292e-07	6.64381e-08	-4.82947e-13	2.40831e-07	-2.56997e-07	-2.19158e-12	-3.92111e-07	9.32666e-08	
52	6.8769e-08	-8.93175e-08	2.52175e-07	7.18186e-08	-1.51967e-12	2.60332e-07	-2.77808e-07	-6.89537e-12	-4.23861e-07	1.00825e-07	
53	7.55367e-08	-9.8148e-08	2.77072e-07	7.89191e-08	-4.91807e-12	2.86064e-07	-3.05269e-07	-2.23177e-11	-4.65746e-07	1.10808e-07	
54	8.42645e-08	-1.09624e-07	3.09353e-07	8.81468e-08	-1.63536e-11	3.19489e-07	-3.40946e-07	-7.421e-11	-5.20137e-07	1.23816e-07	
55	9.52945e-08	-1.24439e-07	3.50763e-07	1.00059e-07	-5.57909e-11	3.62587e-07	-3.86963e-07	-2.53172e-10	-5.902e-07	1.40726e-07	
56	1.08666e-07	-1.4354e-07	4.03209e-07	1.15418e-07	-1.95014e-10	4.17964e-07	-4.46151e-07	-8.84949e-10	-6.79984e-07	1.62948e-07	
57	1.22844e-07	-1.68223e-07	4.67539e-07	1.35265e-07	-6.97453e-10	4.88838e-07	-5.22122e-07	-3.16495e-09	-7.9401e-07	1.93197e-07	
58	1.29729e-07	-2.0027e-07	5.38267e-07	1.61034e-07	-2.54856e-09	5.78306e-07	-6.18848e-07	-1.1565e-08	-9.34636e-07	2.38168e-07	
59	9.5142e-08	-2.42149e-07	5.823e-07	1.94708e-07	-9.50122e-09	6.85568e-07	-7.38011e-07	-4.31153e-08	-1.09034e-06	3.18484e-07	
500	-0.829948	-0.389298	-0.615306	-1.76816e-09	0.24474	-0.829885	-0.00877596	-0.952008	0.439917	-0.848621	
501	-0.829948	-0.389299	-0.615307	-1.15743e-09	0.244741	-0.829886	-0.00877597	-0.952008	0.439917	-0.848621	
502	-0.829949	-0.389299	-0.615307	-7.75607e-10	0.244741	-0.829886	-0.00877598	-0.952008	0.439917	-0.848622	
503	-0.829949	-0.389299	-0.615307	-5.32294e-10	0.244741	-0.829886	-0.00877599	-0.952008	0.439918	-0.848622	
504	-0.829949	-0.3893	-0.615308	-3.74288e-10	0.244741	-0.829886	-0.00877599	-0.952008	0.439918	-0.848622	
505	-0.829949	-0.3893	-0.615308	-2.69759e-10	0.244741	-0.829886	-0.008776	-0.952009	0.439918	-0.848622	
506	-0.829949	-0.3893	-0.615308	-1.99352e-10	0.244741	-0.829887	-0.008776	-0.952009	0.439918	-0.848622	
507	-0.829949	-0.3893	-0.615308	-1.51106e-10	0.244741	-0.829887	-0.008776	-0.952009	0.439918	-0.848622	
508	-0.829949	-0.3893	-0.615308	-1.17516e-10	0.244741	-0.829887	-0.008776	-0.952009	0.439918	-0.848622	
509	-0.829949	-0.3893	-0.615308	-9.3797e-11	0.244741	-0.829886	-0.008776	-0.952009	0.439918	-0.848622	
510	-0.829949	-0.3893	-0.615308	-7.68532e-11	0.244741	-0.829886	-0.00877599	-0.952008	0.439918	-0.848622	
511	-0.829949	-0.3893	-0.615307	-6.46569e-11	0.244741	-0.829886	-0.00877599	-0.952008	0.439918	-0.848622	
512	-0.829949	-0.389299	-0.615307	-5.58638e-11	0.244741	-0.829886	-0.00877598	-0.952008	0.439918	-0.848622	
513	-0.829948	-0.389299	-0.615307	-4.95768e-11	0.244741	-0.829886	-0.00877597	-0.952008	0.439917	-0.848621	
514	-0.829948	-0.389299	-0.615306	-4.51981e-11	0.24474	-0.829885	-0.00877596	-0.952008	0.439917	-0.848621	
515	-0.829947	-0.389298	-0.615305	-4.23344e-11	0.24474	-0.829885	-0.00877595	-0.952008	0.439916	-0.848621	
516	-0.829947	-0.389297	-0.615305	-4.07412e-11	0.244739	-0.829884	-0.00877593	-0.952007	0.439915	-0.84862	
517	-0.829946	-0.389297	-0.615304	-4.02869e-11	0.244739	-0.829883	-0.00877591	-0.952007	0.439915	-0.848619	
518	-0.829945	-0.389296	-0.615302	-4.09335e-11	0.244738	-0.829882	-0.00877589	-0.952006	0.439913	-0.848618	
519	-0.829943	-0.389294	-0.615301	-4.27347e-11	0.244737	-0.829881	-0.00877586	-0.952006	0.439912	-0.848617	
520	-0.829942	-0.389293	-0.615299	-4.58402e-11	0.244736	-0.829879	-0.00877582	-0.952005	0.43991	-0.848615	
521	-0.82994	-0.389291	-0.615296	-5.05169e-11	0.244735	-0.829877	-0.00877577	-0.952004	0.439908	-0.848613	
522	-0.829937	-0.389288	-0.615293	-5.71889e-11	0.244733	-0.829874	-0.0087757	-0.952003	0.439905	-0.848611	
523	-0.829934	-0.389285	-0.615289	-6.64979e-11	0.244731	-0.829871	-0.00877562	-0.952001	0.439902	-0.848607	
524	-0.829929	-0.389281	-0.615284	-7.94058e-11	0.244728	-0.829866	-0.00877552	-0.951999	0.439897	-0.848603	
525	-0.829923	-0.389276	-0.615277	-9.73555e-11	0.244725	-0.829861	-0.00877539	-0.951996	0.439892	-0.848598	
526	-0.829916	-0.389269	-0.615268	-1.22528e-10	0.24472	-0.829853	-0.00877521	-0.951993	0.439884	-0.848591	
527	-0.829907	-0.38926	-0.615256	-1.58257e-10	0.244714	-0.829844	-0.00877498	-0.951988	0.439874	-0.848582	
528	-0.829894	-0.389248	-0.615241	-2.09711e-10	0.244706	-0.829831	-0.00877468	-0.951983	0.439861	-0.84857	
529	-0.829877	-0.389232	-0.615221	-2.85019e-10	0.244695	-0.829814	-0.00877428	-0.951975	0.439844	-0.848554	
530	-0.829854	-0.38921	-0.615193	-3.97169e-10	0.244681	-0.829792	-0.00877374	-0.951964	0.43982	-0.848532	
531	-0.829824	-0.389182	-0.615157	-5.67233e-10	0.244662	-0.829761	-0.00877302	-0.95195	0.439789	-0.848504	
532	-0.829783	-0.389143	-0.615107	-8.29973e-10	0.244635	-0.82972	-0.00877205	-0.95193	0.439747	-0.848465	
533	-0.829726	-0.38909	-0.615039	-1.24365e-09	0.2446	-0.829664	-0.00877071	-0.951904	0.439689	-0.848411	
534	-0.829649	-0.389017	-0.614946	-1.90751e-09	0.244551	-0.829586	-0.00876888	-0.951867	0.439609	-0.848338	
535	-0.829542	-0.388916	-0.614817	-2.9934e-09	0.244483	-0.829479	-0.00876634	-0.951817	0.439499	-0.848237	
536	-0.829393	-0.388776	-0.614638	-4.80369e-09	0.244388	-0.82933	-0.00876282	-0.951747	0.439346	-0.848096	
537	-0.829185	-0.38858	-0.614387	-7.87898e-09	0.244257	-0.829122	-0.0087579	-0.951649	0.439132	-0.847898	
538	-0.828892	-0.388305	-0.614035	-1.32011e-08	0.244072	-0.82883	-0.008751	-0.951511	0.438832	-0.847621	
539	-0.828479	-0.387917	-0.613538	-2.25812e-08	0.24381	-0.828416	-0.00874125	-0.951316	0.438408	-0.847229	
540	-0.827891	-0.387368	-0.612834	-3.94112e-08	0.243441	-0.827828	-0.00872746	-0.951038	0.437808	-0.846672	
541	-0.827053	-0.386586	-0.61183	-7.01394e-08	0.242915	-0.82699	-0.00870786	-0.950641	0.436953	-0.845878	
542	-0.825853	-0.385471	-0.610397	-1.27202e-07	0.242165	-0.825789	-0.00867995	-0.950069	0.435735	-0.844739	
543	-0.824126	-0.383877	-0.608345	-2.34925e-07	0.241095	-0.824062	-0.00864014	-0.949241	0.433993	-0.843101	
544	-0.821635	-0.381599	-0.605402	-4.41542e-07	0.239566	-0.821571	-0.00858339	-0.948037	0.431501	-0.840735	
545	-0.818031	-0.378345	-0.60118	-8.43951e-07	0.237387	-0.817967	-0.00850267	-0.946273	0.42794	-0.837308	
546	-0.812806	-0.373713	-0.595133	-1.63928e-06	0.234291	-0.812741	-0.00838841	-0.943671	0.422864	-0.832331	
547	-0.805221	-0.36716	-0.586503	-3.23338e-06	0.229924	-0.805156	-0.0082281	-0.939798	0.415674	-0.825089	
548	-0.794216	-0.357984	-0.574277	-6.47147e-06	0.223837	-0.794151	-0.00800633	-0.933981	0.405588	-0.814548	
549	-0.778296	-0.345336	-0.557155	-1.31327e-05	0.215496	-0.778232	-0.00770605	-0.925153	0.391652	-0.79923	
550	-0.755437	-0.328303	-0.533609	-2.70005e-05	0.204348	-0.755379	-0.00731218	-0.911628	0.372824	-0.777105	
551	-0.723101	-0.306088	-0.502094	-5.61955e-05	0.189953	-0.723058	-0.00681929	-0.890804	0.348177	-0.745568	
552	-0.678547	-0.278332	-0.4615	-0.000118301	0.172188	-0.678546	-0.00624475	-0.858911	0.317262	-0.701719	
553	-0.619709	-0.245484	-0.411859	-0.000251686	0.151477	-0.619814	-0.00564953	-0.811221	0.280561	-0.643238	
554	-0.546625	-0.209027	-0.355019	-0.000540668	0.128932	-0.546994	-0.00517078	-0.743465	0.239819	-0.569956	
555	-0.462689	-0.171296	-0.29478	-0.00117161	0.106263	-0.463696	-0.00508197	-0.654817	0.197956	-0.485438	
556	-0.374299	-0.134787	-0.236107	-0.00255821	0.0855128	-0.376807	-0.00592577	-0.550821	0.158506	-0.397131	
557	-0.288274	-0.101217	-0.183788	-0.00562037	0.0688557	-0.294231	-0.00882535	-0.442917	0.124946	-0.314382	
558	-0.208269	-0.0706384	-0.141536	-0.0123975	0.0588865	-0.222034	-0.0161936	-0.344004	0.10063	-0.245974	
559	-0.131751	-0.0406082	-0.112328	-0.0273529	0.0598135	-0.162965	-0.0332596	-0.264224	0.0898771	-0.199771	
1000	-0.887934	-0.550443	-0.498126	-0.821216	0.681351	-0.939616	0.851773	-0.880504	-0.901767	-0.845269	
1001	-0.887932	-0.55044	-0.498128	-0.821216	0.681351	-0.939617	0.851771	-0.880506	-0.901767	-0.845269	
1002	-0.88793	-0.550438	-0.49813	-0.821216	0.681351	-0.939618	0.85177	-0.880508	-0.901767	-0.845269	
1003	-0.887929	-0.550437	-0.498131	-0.821216	0.681351	-0.939619	0.851769	-0.880509	-0.901767	-0.845269	
1004	-0.887928	-0.550435	-0.498132	-0.821216	0.681351	-0.93962	0.851769	-0.880509	-0.901767	-0.845269	
1005	-0.887927	-0.550435	-0.498132	-0.821216	0.681351	-0.93962	0.851768	-0.88051	-0.901767	-0.845269	
1006	-0.887927	-0.550434	-0.498133	-0.821216	0.681351	-0.93962	0.851768	-0.880511	-0.901767	-0.845269	
1007	-0.887926	-0.550433	-0.498133	-0.821216	0.681351	-0.939621	0.851767	-0.880511	-0.901767	-0.845269	
1008	-0.887926	-0.550433	-0.498134	-0.821217	0.681351	-0.939621	0.851767	-0.880511	-0.901767	-0.845269	
1009	-0.887926	-0.550433	-0.498134	-0.821217	0.681351	-0.939621	0.851767	-0.880511	-0.901767	-0.845269	
1010	-0.887925	-0.550433	-0.498134	-0.821217	0.681351	-0.939621	0.851767	-0.880512	-0.901767	-0.845269	
1011	-0.887925	-0.550432	-0.498134	-0.821217	0.681351	-0.939621	0.851767	-0.880512	-0.901767	-0.845269	
1012	-0.887925	-0.550432	-0.498134	-0.821217	0.681351	-0.939621	0.851767	-0.880512	-0.901767	-0.845269	
1013	-0.887925	-0.550432	-0.498134	-0.821217	0.681351	-0.939621	0.851767	-0.880512	-0.901767	-0.845269	
1014	-0.887925	-0.550432	-0.498135	-0.821217	0.681351	-0.939621	0.851767	-0.880512	-0.901767	-0.845269	
1015	-0.887925	-0.550432	-0.498135	-0.821217	0.681351	-0.939621	0.851766	-0.880512	-0.901767	-0.845269	
1016	-0.887925	-0.550432	-0.498135	-0.821217	0.681351	-0.939621	0.851766	-0.880512	-0.901767	-0.845269	
1017	-0.887925	-0.550432	-0.498135	-0.821217	0.681351	-0.939621	0.851766	-0.880512	-0.901767	-0.845269	
1018	-0.887925	-0.550432	-0.498135	-0.821217	0.681351	-0.939621	0.851766	-0.880512	-0.901767	-0.845269	
1019	-0.887925	-0.550432	-0.498135	-0.821217	0.681351	-0.939621	0.851766	-0.880512	-0.901767	-0.845269	
1020	-0.887925	-0.550432	-0.498135	-0.821217	0.681351	-0.939621	0.851766	-0.880512	-0.901767	-0.845269	
1021	-0.887925	-0.550432	-0.498135	-0.821217	0.681351	-0.939621	0.851766	-0.880512	-0.901767	-0.845269	
1022	-0.887925	-0.550432	-0.498135	-0.821217	0.681351	-0.939621	0.851766	-0.880512	-0.901767	-0.845269	
1023	-0.887925	-0.550432	-0.498134	-0.821216	0.681351	-0.939621	0.851766	-0.880512	-0.901767	-0.845269	
1024	-0.887924	-0.550431	-0.498134	-0.821216	0.68135	-0.939621	0.851766	-0.880512	-0.901767	-0.845269	
1025	-0.887923	-0.55043	-0.498132	-0.821214	0.681348	-0.93962	0.851765	-0.88051	-0.901766	-0.845267	
1026	-0.887918	-0.550422	-0.498125	-0.821208	0.681341	-0.939617	0.851759	-0.880505	-0.901761	-0.845261	
1027	-0.887897	-0.550392	-0.498096	-0.821182	0.68131	-0.939602	0.851735	-0.880483	-0.901742	-0.845236	
1028	-0.887811	-0.550268	-0.497978	-0.821073	0.681182	-0.939544	0.851635	-0.880394	-0.901662	-0.845134	
1029	-0.887455	-0.549754	-0.497488	-0.820622	0.68065	-0.939301	0.851221	-0.880024	-0.901332	-0.844712	
1030	-0.885963	-0.547616	-0.495451	-0.818739	0.678437	-0.938283	0.849493	-0.878478	-0.899948	-0.842948	
1031	-0.879662	-0.538788	-0.487058	-0.810849	0.669253	-0.933943	0.842227	-0.871956	-0.894094	-0.835536	
1032	-0.852626	-0.504145	-0.454332	-0.777991	0.63242	-0.914607	0.811601	-0.844085	-0.86877	-0.804379	
1033	-0.739407	-0.393633	-0.351863	-0.65277	0.507248	-0.823023	0.690383	-0.728866	-0.759877	-0.682127	
1034	-0.43147	-0.199679	-0.176908	-0.362237	0.265407	-0.513308	0.390865	-0.422362	-0.449788	-0.384411	
1035	-0.144841	-0.0638558	-0.0564167	-0.1193	0.0856885	-0.177277	0.129684	-0.14137	-0.151851	-0.127317	
1036	-0.0376326	-0.0165012	-0.0145646	-0.0309143	0.0221573	-0.0461726	0.0336429	-0.0366865	-0.0394605	-0.0330135	
1037	-0.009194	-0.00402761	-0.00354177	-0.00753048	0.00539761	-0.0112304	0.00820925	-0.00892047	-0.00961597	-0.00804375	
1038	-0.00224788	-0.00098169	-0.000846493	-0.00181413	0.00130166	-0.00267839	0.00199518	-0.00212694	-0.00231898	-0.00193981	
1039	-0.000583686	-0.000251051	-0.000194958	-0.000436527	0.000314973	-0.000609299	0.000502828	-0.000483167	-0.000561144	-0.000469392	
1040	-0.000194415	-7.89146e-05	-3.46133e-05	-0.000103248	7.68174e-05	-9.77574e-05	0.000148879	-7.6568e-05	-0.000136855	-0.000114478	
1041	-0.000116822	-4.28572e-05	8.5959e-06	-2.11805e-05	1.89249e-05	4.3225e-05	7.1425e-05	3.57726e-05	-3.37158e-05	-2.8203e-05	
1042	-0.000121333	-4.201e-05	2.50509e-05	4.13521e-07	4.71784e-06	0.000100823	6.42911e-05	8.20113e-05	-8.40511e-06	-7.0308e-06	
1043	-0.000155279	-5.29515e-05	3.72896e-05	7.79949e-06	1.192e-06	0.000147173	7.90689e-05	0.000119507	-2.12362e-06	-1.77639e-06	
1044	-0.000209917	-7.1365e-05	5.18202e-05	1.2503e-05	3.05702e-07	0.000203848	0.000106027	0.000165479	-5.44627e-07	-4.55576e-07	
1045	-0.000289097	-9.82265e-05	7.1735e-05	1.77311e-05	7.97023e-08	0.000282017	0.000145793	0.000228923	-1.41994e-07	-1.18777e-07	
1046	-0.000402623	-0.000136784	0.000100002	2.48288e-05	2.11563e-08	0.000393099	0.000202986	0.000319088	-3.76913e-08	-3.15284e-08	
1047	-0.000566074	-0.00019231	0.000140625	3.49444e-05	5.72595e-09	0.000552774	0.000285375	0.0004487	-1.02011e-08	-8.53314e-09	
1048	-0.000802951	-0.000272782	0.000199477	4.9577e-05	1.58242e-09	0.00078411	0.000404788	0.00063648	-2.81918e-09	-2.35822e-09	
1049	-0.00114854	-0.000390188	0.000285335	7.09178e-05	4.47184e-10	0.0011216	0.000579008	0.000910429	-7.96685e-10	-6.6642e-10	
1050	-0.00165599	-0.000562579	0.000411401	0.000102251	1.29404e-10	0.00161714	0.000834823	0.00131267	-2.30541e-10	-1.92846e-10	
1051	-0.00240557	-0.000817232	0.000597623	0.000148536	3.8398e-11	0.00234915	0.00121271	0.00190686	-6.84082e-11	-5.72227e-11	
1052	-0.00351899	-0.00119549	0.000874234	0.000217286	1.16991e-11	0.00343645	0.00177401	0.00278945	-2.08424e-11	-1.74345e-11	
1053	-0.00518108	-0.00176015	0.00128716	0.000319916	3.66485e-12	0.00505955	0.00261192	0.00410697	-6.529e-12	-5.46141e-12	
1054	-0.00767292	-0.00260672	0.00190624	0.000473784	1.18194e-12	0.00749295	0.00386816	0.00608224	-2.10543e-12	-1.76126e-12	
1055	-0.0114216	-0.00388034	0.00283762	0.000705274	3.92797e-13	0.0111537	0.00575809	0.00905387	-6.99885e-13	-5.8531e-13	
1056	-0.0170743	-0.00580103	0.00424218	0.00105438	1.34781e-13	0.0166738	0.00860816	0.013535	-2.40252e-13	-2.00728e-13	
1057	-0.0256045	-0.00870015	0.0063623	0.00158133	4.77396e-14	0.0250042	0.0129099	0.0202979	-8.52651e-14	-7.10543e-14	
1058	-0.0384594	-0.0130713	0.00955897	0.00237589	1.75415e-14	0.0375581	0.0193954	0.0304916	-3.10862e-14	-2.62013e-14	
1059	-0.0577415	-0.0196355	0.0143598	0.00356928	6.66134e-15	0.0563899	0.029133	0.0457896	-1.19904e-14	-9.76996e-15	
1500	-0.690714	-0.877039	-0.820379	0.661133	-0.746802	-0.248169	-0.133962	-6.17838e-06	0.841408	-0.733176	
1501	-0.690719	-0.877038	-0.820381	0.66113	-0.746794	-0.248155	-0.133963	-1.51592e-05	0.841406	-0.733174	
1502	-0.690732	-0.877037	-0.820387	0.661123	-0.746775	-0.248121	-0.133965	-3.76473e-05	0.841402	-0.733168	
1503	-0.690766	-0.877034	-0.820401	0.661107	-0.746725	-0.248035	-0.13397	-9.45357e-05	0.84139	-0.733153	
1504	-0.690851	-0.877026	-0.820438	0.661063	-0.746597	-0.247814	-0.133982	-0.000239767	0.841361	-0.733114	
1505	-0.691072	-0.877006	-0.820533	0.660953	-0.746269	-0.247245	-0.134015	-0.000613471	0.841287	-0.733014	
1506	-0.691642	-0.876954	-0.820777	0.660666	-0.745418	-0.245772	-0.134099	-0.0015811	0.841094	-0.732755	
1507	-0.693119	-0.876817	-0.821411	0.659919	-0.743195	-0.241939	-0.134317	-0.00409569	0.84059	-0.732082	
1508	-0.696923	-0.876463	-0.823047	0.657974	-0.737348	-0.231958	-0.134882	-0.0106195	0.839278	-0.730328	
1509	-0.706486	-0.875551	-0.827173	0.652958	-0.721868	-0.206192	-0.136328	-0.0273131	0.835873	-0.725793	
1510	-0.728907	-0.873286	-0.836936	0.640395	-0.680608	-0.141774	-0.139878	-0.0682163	0.827233	-0.714388	
1511	-0.773374	-0.868141	-0.856759	0.611363	-0.572015	0.00420128	-0.147712	-0.157654	0.806655	-0.687767	
1512	-0.836625	-0.858549	-0.886496	0.555656	-0.320474	0.258453	-0.161543	-0.3091	0.764806	-0.635702	
1513	-0.892135	-0.845888	-0.915089	0.479755	0.0587165	0.525616	-0.178441	-0.475187	0.702887	-0.562842	
1514	-0.923055	-0.835082	-0.932784	0.413673	0.35384	0.684935	-0.191811	-0.587369	0.644486	-0.497766	
1515	-0.936356	-0.828784	-0.941018	0.374912	0.494982	0.752906	-0.199209	-0.641551	0.60833	-0.458939	
1516	-0.941573	-0.825889	-0.944386	0.357079	0.551233	0.77907	-0.20252	-0.663983	0.591232	-0.440923	
1517	-0.94357	-0.824701	-0.945699	0.349766	0.572753	0.788978	-0.203862	-0.672762	0.584136	-0.433506	
1518	-0.944331	-0.824236	-0.946203	0.3469	0.580944	0.792736	-0.204386	-0.676137	0.581343	-0.430597	
1519	-0.944621	-0.824056	-0.946396	0.345795	0.584068	0.794169	-0.204587	-0.67743	0.580263	-0.429473	
1520	-0.944733	-0.823987	-0.94647	0.345369	0.585266	0.794717	-0.204665	-0.677926	0.579847	-0.429041	
1521	-0.944776	-0.823961	-0.946499	0.345204	0.585728	0.794929	-0.204695	-0.678118	0.579686	-0.428873	
1522	-0.944792	-0.82395	-0.94651	0.34514	0.585908	0.795011	-0.204707	-0.678193	0.579623	-0.428808	
1523	-0.944799	-0.823946	-0.946514	0.345115	0.585978	0.795044	-0.204711	-0.678222	0.579599	-0.428783	
1524	-0.944802	-0.823945	-0.946516	0.345105	0.586006	0.795056	-0.204713	-0.678233	0.579589	-0.428773	
1525	-0.944803	-0.823944	-0.946517	0.345101	0.586017	0.795061	-0.204714	-0.678238	0.579585	-0.428769	
1526	-0.944803	-0.823944	-0.946517	0.3451	0.586022	0.795063	-0.204714	-0.67824	0.579584	-0.428767	
1527	-0.944803	-0.823944	-0.946517	0.345099	0.586024	0.795064	-0.204714	-0.678241	0.579583	-0.428766	
1528	-0.944803	-0.823943	-0.946517	0.345099	0.586024	0.795065	-0.204714	-0.678241	0.579583	-0.428766	
1529	-0.944803	-0.823943	-0.946517	0.345099	0.586025	0.795065	-0.204714	-0.678241	0.579583	-0.428766	
1530	-0.944803	-0.823943	-0.946517	0.345099	0.586025	0.795065	-0.204714	-0.678241	0.579583	-0.428766	
1531	-0.944803	-0.823943	-0.946517	0.345099	0.586025	0.795065	-0.204714	-0.678241	0.579582	-0.428766	
1532	-0.944803	-0.823943	-0.946517	0.345099	0.586025	0.795065	-0.204714	-0.678241	0.579582	-0.428766	
1533	-0.944803	-0.823943	-0.946517	0.345099	0.586025	0.795065	-0.204714	-0.678241	0.579582	-0.428766	
1534	-0.944803	-0.823943	-0.946517	0.345099	0.586025	0.795065	-0.204714	-0.678241	0.579582	-0.428766	
1535	-0.944803	-0.823943	-0.946517	0.345099	0.586025	0.795065	-0.204714	-0.678241	0.579582	-0.428766	
1536	-0.944803	-0.823943	-0.946517	0.345099	0.586025	0.795065	-0.204714	-0.678241	0.579582	-0.428766	
1537	-0.944803	-0.823943	-0.946517	0.345099	0.586025	0.795065	-0.204714	-0.678241	0.579582	-0.428766	
1538	-0.944803	-0.823943	-0.946517	0.345099	0.586025	0.795065	-0.204714	-0.678241	0.579582	-0.428766	
1539	-0.944803	-0.823943	-0.946517	0.345099	0.586025	0.795065	-0.204714	-0.678241	0.579582	-0.428766	
1540	-0.944803	-0.823943	-0.946517	0.345099	0.586025	0.795065	-0.204714	-0.678241	0.579582	-0.428766	
1541	-0.944803	-0.823943	-0.946517	0.345099	0.586025	0.795065	-0.204714	-0.678241	0.579582	-0.428766	
1542	-0.944803	-0.823943	-0.946517	0.345099	0.586025	0.795065	-0.204714	-0.678241	0.579582	-0.428766	
1543	-0.944803	-0.823943	-0.946517	0.345099	0.586025	0.795065	-0.204714	-0.678241	0.579582	-0.428766	
1544	-0.944803	-0.823943	-0.946517	0.345099	0.586025	0.795065	-0.204714	-0.678241	0.579582	-0.428766	
1545	-0.944803	-0.823943	-0.946517	0.345099	0.586025	0.795065	-0.204714	-0.678241	0.579582	-0.428766	
1546	-0.944803	-0.823943	-0.946517	0.345099	0.586025	0.795065	-0.204714	-0.678241	0.579582	-0.428766	
1547	-0.944803	-0.823943	-0.946517	0.345099	0.586025	0.795065	-0.204714	-0.678241	0.579582	-0.428766	
1548	-0.944803	-0.823943	-0.946517	0.345099	0.586025	0.795065	-0.204714	-0.678241	0.579582	-0.428766	
1549	-0.944803	-0.823943	-0.946517	0.345099	0.586025	0.795065	-0.204714	-0.678241	0.579582	-0.428766	
1550	-0.944803	-0.823943	-0.946517	0.345099	0.586025	0.795065	-0.204714	-0.678241	0.579582	-0.428766	
1551	-0.944803	-0.823943	-0.946517	0.345099	0.586025	0.795065	-0.204714	-0.678241	0.579582	-0.428766	
1552	-0.944803	-0.823943	-0.946517	0.345099	0.586025	0.795065	-0.204714	-0.678241	0.579582	-0.428766	
1553	-0.944803	-0.823943	-0.946517	0.345099	0.586025	0.795065	-0.204714	-0.678241	0.579582	-0.428766	
1554	-0.944803	-0.823943	-0.946517	0.345099	0.586025	0.795065	-0.204714	-0.678241	0.579582	-0.428766	
1555	-0.944803	-0.823943	-0.946517	0.345099	0.586025	0.795065	-0.204714	-0.678241	0.579582	-0.428766	
1556	-0.944803	-0.823943	-0.946517	0.345099	0.586025	0.795065	-0.204714	-0.678241	0.579582	-0.428766	
1557	-0.944803	-0.823943	-0.946517	0.345099	0.586025	0.795065	-0.204714	-0.678241	0.579582	-0.428766	
1558	-0.944803	-0.823943	-0.946517	0.345099	0.586025	0.795065	-0.204714	-0.678241	0.579582	-0.428766	
1559	-0.944803	-0.823943	-0.946517	0.345099	0.586025	0.795065	-0.204714	-0.678241	0.579582	-0.428766	
2000	-0.732178	0.909927	0.529011	0.500524	-0.15147	-0.971303	0.270696	-0.162839	-0.942297	0.882299	
2001	-0.671196	0.870782	0.436523	0.459976	-0.0740031	-0.941215	0.221867	-0.0990671	-0.914497	0.807184	
2002	-0.620017	0.832782	0.362522	0.429125	-0.0168774	-0.901742	0.185521	-0.0520036	-0.886571	0.727802	
2003	-0.58797	0.806599	0.317768	0.410936	0.016007	-0.86877	0.164407	-0.024854	-0.866854	0.670758	
2004	-0.571286	0.792244	0.294934	0.401756	0.0323686	-0.84875	0.153838	-0.0113224	-0.855891	0.638955	
2005	-0.563394	0.785281	0.284241	0.397477	0.0399413	-0.838556	0.148931	-0.00505358	-0.850537	0.623434	
2006	-0.559821	0.782092	0.279421	0.395551	0.0433367	-0.833783	0.146727	-0.00224137	-0.848076	0.616307	
2007	-0.55823	0.780665	0.27728	0.394697	0.0448415	-0.831627	0.14575	-0.000994778	-0.846973	0.613115	
2008	-0.557525	0.780031	0.276332	0.394319	0.045507	-0.830665	0.145318	-0.000443415	-0.846483	0.611696	
2009	-0.557212	0.779749	0.275912	0.394151	0.0458021	-0.830237	0.145126	-0.000198918	-0.846265	0.611066	
2010	-0.557072	0.779624	0.275724	0.394076	0.0459336	-0.830045	0.145041	-8.99364e-05	-0.846168	0.610785	
2011	-0.55701	0.779567	0.27564	0.394043	0.0459926	-0.82996	0.145002	-4.10274e-05	-0.846124	0.610659	
2012	-0.556981	0.779542	0.275602	0.394028	0.0460193	-0.829921	0.144985	-1.89023e-05	-0.846105	0.610602	
2013	-0.556969	0.77953	0.275585	0.394021	0.0460315	-0.829903	0.144977	-8.8034e-06	-0.846096	0.610576	
2014	-0.556963	0.779525	0.275577	0.394017	0.0460372	-0.829895	0.144973	-4.14819e-06	-0.846091	0.610564	
2015	-0.55696	0.779522	0.275573	0.394016	0.0460398	-0.829891	0.144972	-1.97927e-06	-0.84609	0.610558	
2016	-0.556959	0.779521	0.275571	0.394015	0.046041	-0.829889	0.144971	-9.57085e-07	-0.846089	0.610555	
2017	-0.556958	0.779521	0.27557	0.394015	0.0460416	-0.829888	0.144971	-4.69402e-07	-0.846088	0.610554	
2018	-0.556958	0.77952	0.27557	0.394015	0.0460419	-0.829888	0.14497	-2.33686e-07	-0.846088	0.610553	
2019	-0.556957	0.77952	0.27557	0.394015	0.046042	-0.829888	0.14497	-1.18182e-07	-0.846088	0.610553	
2020	-0.556957	0.77952	0.27557	0.394015	0.0460421	-0.829888	0.14497	-6.07618e-08	-0.846088	0.610553	
2021	-0.556957	0.77952	0.27557	0.394015	0.0460421	-0.829888	0.14497	-3.17826e-08	-0.846088	0.610553	
2022	-0.556957	0.77952	0.27557	0.394015	0.0460421	-0.829888	0.14497	-1.69255e-08	-0.846088	0.610553	
2023	-0.556957	0.77952	0.27557	0.394015	0.0460421	-0.829888	0.14497	-9.18311e-09	-0.846088	0.610553	
2024	-0.556957	0.77952	0.27557	0.394015	0.0460422	-0.829888	0.14497	-5.07961e-09	-0.846088	0.610553	
2025	-0.556957	0.77952	0.27557	0.394015	0.0460422	-0.829888	0.14497	-2.86649e-09	-0.846088	0.610553	
2026	-0.556957	0.77952	0.27557	0.394015	0.0460422	-0.829888	0.14497	-1.65129e-09	-0.846088	0.610553	
2027	-0.556957	0.77952	0.27557	0.394015	0.0460422	-0.829888	0.14497	-9.71663e-10	-0.846088	0.610553	
2028	-0.556957	0.77952	0.27557	0.394015	0.0460422	-0.829888	0.14497	-5.84366e-10	-0.846088	0.610553	
2029	-0.556957	0.77952	0.27557	0.394015	0.0460422	-0.829888	0.14497	-3.59397e-10	-0.846088	0.610553	
2030	-0.556957	0.77952	0.27557	0.394015	0.0460422	-0.829888	0.14497	-2.26163e-10	-0.846088	0.610553	
2031	-0.556957	0.77952	0.27557	0.394015	0.0460422	-0.829888	0.14497	-1.45696e-10	-0.846088	0.610553	
2032	-0.556957	0.77952	0.27557	0.394015	0.0460422	-0.829888	0.14497	-9.61311e-11	-0.846088	0.610553	
2033	-0.556957	0.77952	0.27557	0.394015	0.0460422	-0.829888	0.14497	-6.4994e-11	-0.846088	0.610553	
2034	-0.556957	0.77952	0.27557	0.394015	0.0460422	-0.829888	0.14497	-4.50466e-11	-0.846088	0.610553	
2035	-0.556957	0.77952	0.27557	0.394015	0.0460422	-0.829888	0.14497	-3.20193e-11	-0.846088	0.610553	
2036	-0.556957	0.77952	0.27557	0.394015	0.0460422	-0.829888	0.14497	-2.33498e-11	-0.846088	0.610553	
2037	-0.556957	0.77952	0.27557	0.394015	0.0460422	-0.829888	0.14497	-1.74754e-11	-0.846088	0.610553	
2038	-0.556957	0.77952	0.27557	0.394015	0.0460422	-0.829888	0.14497	-1.34273e-11	-0.846088	0.610553	
2039	-0.556957	0.77952	0.27557	0.394015	0.0460422	-0.829888	0.14497	-1.05946e-11	-0.846088	0.610553	
2040	-0.556957	0.77952	0.27557	0.394015	0.0460422	-0.829888	0.14497	-8.58713e-12	-0.846088	0.610553	
2041	-0.556957	0.77952	0.27557	0.394015	0.0460422	-0.829888	0.14497	-7.15095e-12	-0.846088	0.610553	
2042	-0.556957	0.77952	0.27557	0.394015	0.0460422	-0.829888	0.14497	-6.11955e-12	-0.846088	0.610553	
2043	-0.556957	0.77952	0.27557	0.394015	0.0460422	-0.829888	0.14497	-5.38281e-12	-0.846088	0.610553	
2044	-0.556957	0.77952	0.27557	0.394015	0.0460422	-0.829888	0.14497	-4.86722e-12	-0.846088	0.610553	
2045	-0.556957	0.77952	0.27557	0.394015	0.0460422	-0.829888	0.14497	-4.52438e-12	-0.846088	0.610553	
2046	-0.556957	0.77952	0.27557	0.394015	0.0460422	-0.829888	0.14497	-4.32454e-12	-0.846088	0.610553	
2047	-0.556957	0.77952	0.27557	0.394015	0.0460422	-0.829888	0.14497	-4.24993e-12	-0.846088	0.610553	
2048	-0.556957	0.77952	0.27557	0.394015	0.0460422	-0.829888	0.14497	-4.29479e-12	-0.846088	0.610553	
2049	-0.556957	0.77952	0.27557	0.394015	0.0460422	-0.829888	0.14497	-4.46265e-12	-0.846088	0.610553	
2050	-0.556957	0.77952	0.27557	0.394015	0.0460422	-0.829888	0.14497	-4.76774e-12	-0.846088	0.610553	
2051	-0.556957	0.77952	0.27557	0.394015	0.0460422	-0.829888	0.14497	-5.2367e-12	-0.846088	0.610553	
2052	-0.556957	0.77952	0.27557	0.394015	0.0460422	-0.829888	0.14497	-5.91305e-12	-0.846088	0.610553	
2053	-0.556957	0.77952	0.27557	0.394015	0.0460422	-0.829888	0.14497	-6.86273e-12	-0.846088	0.610553	
2054	-0.556957	0.77952	0.27557	0.394015	0.0460422	-0.829888	0.14497	-8.18567e-12	-0.846088	0.610553	
2055	-0.556957	0.77952	0.27557	0.394014	0.0460421	-0.829887	0.14497	-1.0032e-11	-0.846088	0.610553	
2056	-0.556957	0.77952	0.275569	0.394014	0.0460421	-0.829887	0.14497	-1.26303e-11	-0.846088	0.610553	
2057	-0.556957	0.77952	0.275569	0.394014	0.0460421	-0.829887	0.14497	-1.63305e-11	-0.846087	0.610552	
2058	-0.556957	0.779519	0.275569	0.394014	0.0460421	-0.829887	0.14497	-2.16791e-11	-0.846087	0.610552	
2059	-0.556956	0.779519	0.275569	0.394013	0.046042	-0.829886	0.14497	-2.95386e-11	-0.846087	0.610551	
2500	0.291519	0.777238	0.813228	-0.947923	0.869371	0.336314	0.45684	0.720483	-0.332208	-0.799796	
2501	0.641123	0.911891	0.911596	-0.947923	0.933896	0.517643	0.358424	0.882045	-0.136802	-0.784593	
2502	0.758241	0.945868	0.940097	-0.947923	0.953449	0.595216	0.305369	0.92537	-0.0329028	-0.776544	
2503	0.789982	0.954253	0.947623	-0.947923	0.958739	0.619506	0.286763	0.936317	0.00290192	-0.773733	
2504	0.79861	0.956472	0.94966	-0.947923	0.960183	0.626449	0.281237	0.939236	0.0134577	-0.772898	
2505	0.800988	0.95708	0.950221	-0.947923	0.960581	0.628391	0.279673	0.940037	0.0164375	-0.772662	
2506	0.80165	0.957248	0.950377	-0.947923	0.960692	0.628934	0.279235	0.940259	0.017272	-0.772596	
2507	0.801835	0.957295	0.950421	-0.947923	0.960723	0.629086	0.279112	0.940321	0.0175063	-0.772577	
2508	0.801888	0.957309	0.950433	-0.947923	0.960732	0.629129	0.279077	0.940339	0.0175726	-0.772572	
2509	0.801903	0.957313	0.950437	-0.947923	0.960735	0.629141	0.279067	0.940344	0.0175915	-0.772571	
2510	0.801907	0.957314	0.950438	-0.947923	0.960735	0.629145	0.279064	0.940345	0.017597	-0.77257	
2511	0.801908	0.957314	0.950438	-0.947923	0.960736	0.629146	0.279063	0.940346	0.0175986	-0.77257	
2512	0.801909	0.957314	0.950438	-0.947923	0.960736	0.629146	0.279063	0.940346	0.017599	-0.77257	
2513	0.801909	0.957314	0.950438	-0.947923	0.960736	0.629146	0.279063	0.940346	0.0175992	-0.77257	
2514	0.801909	0.957314	0.950438	-0.947923	0.960736	0.629146	0.279063	0.940346	0.0175992	-0.77257	
2515	0.801909	0.957314	0.950438	-0.947923	0.960736	0.629146	0.279063	0.940346	0.0175992	-0.77257	
2516	0.801909	0.957314	0.950438	-0.947923	0.960736	0.629146	0.279063	0.940346	0.0175992	-0.77257	
2517	0.801909	0.957314	0.950438	-0.947923	0.960736	0.629146	0.279063	0.940346	0.0175992	-0.77257	
2518	0.801909	0.957314	0.950438	-0.947923	0.960736	0.629146	0.279063	0.940346	0.0175992	-0.77257	
2519	0.801909	0.957314	0.950438	-0.947923	0.960736	0.629146	0.279063	0.940346	0.0175992	-0.77257	
2520	0.801909	0.957314	0.950438	-0.947923	0.960736	0.629146	0.279063	0.940346	0.0175992	-0.77257	
2521	0.801909	0.957314	0.950438	-0.947923	0.960736	0.629146	0.279063	0.940346	0.0175992	-0.77257	
2522	0.801909	0.957314	0.950438	-0.947923	0.960736	0.629146	0.279063	0.940346	0.0175992	-0.77257	
2523	0.801909	0.957314	0.950438	-0.947923	0.960736	0.629146	0.279063	0.940346	0.0175992	-0.77257	
2524	0.801909	0.957314	0.950438	-0.947923	0.960736	0.629146	0.279063	0.940346	0.0175992	-0.77257	
2525	0.801909	0.957314	0.950438	-0.947923	0.960736	0.629146	0.279063	0.940346	0.0175992	-0.77257	
2526	0.801909	0.957314	0.950438	-0.947923	0.960736	0.629146	0.279063	0.940346	0.0175992	-0.77257	
2527	0.801909	0.957314	0.950438	-0.947923	0.960736	0.629146	0.279063	0.940346	0.0175992	-0.77257	
2528	0.801909	0.957314	0.950438	-0.947923	0.960736	0.629146	0.279063	0.940346	0.0175992	-0.77257	
2529	0.801909	0.957314	0.950438	-0.947923	0.960736	0.629146	0.279063	0.940346	0.0175992	-0.77257	
2530	0.801909	0.957314	0.950438	-0.947923	0.960736	0.629146	0.279063	0.940346	0.0175992	-0.77257	
2531	0.801909	0.957314	0.950438	-0.947923	0.960736	0.629146	0.279063	0.940346	0.0175993	-0.77257	
2532	0.801909	0.957314	0.950438	-0.947923	0.960736	0.629146	0.279063	0.940346	0.0175994	-0.77257	
2533	0.801909	0.957314	0.950438	-0.947923	0.960736	0.629146	0.279063	0.940346	0.0175996	-0.77257	
2534	0.801909	0.957314	0.950438	-0.947923	0.960736	0.629146	0.279062	0.940346	0.0176004	-0.772569	
2535	0.80191	0.957314	0.950438	-0.947922	0.960735	0.629146	0.27906	0.940346	0.0176029	-0.772567	
2536	0.801912	0.957314	0.950437	-0.94792	0.960735	0.629147	0.279052	0.940346	0.0176112	-0.772562	
2537	0.801919	0.957313	0.950436	-0.947913	0.960733	0.629148	0.279028	0.940346	0.0176384	-0.772544	
2538	0.801943	0.957312	0.950431	-0.94789	0.960726	0.629152	0.278946	0.940345	0.0177288	-0.772485	
2539	0.802023	0.957307	0.950414	-0.947813	0.960704	0.629166	0.278672	0.940342	0.0180316	-0.772286	
2540	0.802291	0.957291	0.950357	-0.947551	0.960629	0.629211	0.277747	0.940334	0.0190522	-0.771615	
2541	0.803193	0.957237	0.950165	-0.946658	0.960375	0.629365	0.274621	0.940308	0.0224992	-0.769335	
2542	0.806186	0.957056	0.949518	-0.943563	0.959515	0.629878	0.264125	0.940217	0.0340232	-0.761567	
2543	0.815479	0.956472	0.947394	-0.932459	0.956639	0.631516	0.230167	0.939929	0.0707783	-0.735208	
2544	0.839076	0.954821	0.941072	-0.889851	0.94763	0.636005	0.133755	0.939125	0.17091	-0.649546	
2545	0.876669	0.951492	0.926876	-0.731692	0.925081	0.644469	-0.056191	0.937559	0.351409	-0.428605	
2546	0.906778	0.947801	0.908777	-0.403031	0.892107	0.653051	-0.248114	0.9359	0.513859	-0.130598	
2547	0.920215	0.945656	0.897077	-0.148372	0.868541	0.657701	-0.346825	0.93497	0.590512	0.0483638	
2548	0.924714	0.944838	0.892384	-0.0463431	0.858634	0.659414	-0.38172	0.934621	0.616575	0.114609	
2549	0.926082	0.944577	0.890862	-0.0138527	0.855368	0.659953	-0.392512	0.934511	0.62453	0.135325	
2550	0.926487	0.944499	0.890402	-0.00410764	0.854376	0.660115	-0.395725	0.934478	0.626889	0.14151	
2551	0.926607	0.944476	0.890265	-0.00122154	0.854081	0.660162	-0.396675	0.934468	0.627585	0.14334	
2552	0.926642	0.944469	0.890225	-0.000365809	0.853993	0.660177	-0.396956	0.934465	0.627791	0.143882	
2553	0.926653	0.944467	0.890212	-0.000110551	0.853967	0.660181	-0.39704	0.934464	0.627853	0.144044	
2554	0.926656	0.944466	0.890209	-3.37683e-05	0.853959	0.660182	-0.397066	0.934464	0.627871	0.144092	
2555	0.926657	0.944466	0.890208	-1.044e-05	0.853957	0.660183	-0.397073	0.934464	0.627877	0.144107	
2556	0.926657	0.944466	0.890207	-3.27118e-06	0.853956	0.660183	-0.397076	0.934464	0.627879	0.144112	
2557	0.926657	0.944466	0.890207	-1.04013e-06	0.853956	0.660183	-0.397076	0.934464	0.627879	0.144113	
2558	0.926657	0.944466	0.890207	-3.36053e-07	0.853956	0.660183	-0.397077	0.934464	0.627879	0.144114	
2559	0.926657	0.944466	0.890207	-1.1046e-07	0.853956	0.660183	-0.397077	0.934464	0.627879	0.144114	
3000	0.963249	0.895521	-0.830648	-0.426977	-0.879792	0.92123	0.398474	0.943843	-0.0990466	0.911127	
3001	0.963249	0.895524	-0.83065	-0.426971	-0.879794	0.921231	0.398478	0.943841	-0.099043	0.91113	
3002	0.963245	0.895531	-0.830651	-0.426949	-0.879795	0.921232	0.398487	0.943834	-0.0990312	0.911138	
3003	0.963234	0.895547	-0.830652	-0.42688	-0.879796	0.921233	0.39851	0.943813	-0.0989954	0.91116	
3004	0.963199	0.895594	-0.830652	-0.426671	-0.879797	0.921233	0.398575	0.943747	-0.0988876	0.911222	
3005	0.963093	0.895733	-0.830648	-0.426041	-0.879797	0.921234	0.39877	0.943547	-0.0985629	0.911408	
3006	0.96277	0.896152	-0.830636	-0.424133	-0.879798	0.921234	0.399357	0.94294	-0.0975821	0.911965	
3007	0.961783	0.897399	-0.830598	-0.418381	-0.879798	0.921234	0.401117	0.941075	-0.0946345	0.913618	
3008	0.958744	0.900969	-0.830487	-0.401346	-0.879798	0.921235	0.40625	0.93527	-0.0859965	0.918288	
3009	0.949323	0.910016	-0.830187	-0.354033	-0.879798	0.921235	0.419964	0.916734	-0.0626451	0.929703	
3010	0.921003	0.927072	-0.829531	-0.244707	-0.879798	0.921235	0.44918	0.857387	-0.0115682	0.949489	
3011	0.853058	0.946177	-0.828587	-0.0774051	-0.879798	0.921234	0.489388	0.704225	0.0616059	0.968685	
3012	0.760897	0.958116	-0.82781	0.0634221	-0.879798	0.921234	0.520852	0.494213	0.121091	0.978893	
3013	0.69713	0.963147	-0.827414	0.134365	-0.879797	0.921234	0.536321	0.355661	0.151011	0.982739	
3014	0.668858	0.964935	-0.827259	0.161565	-0.879796	0.921233	0.542227	0.296848	0.16255	0.984036	
3015	0.65856	0.965536	-0.827205	0.170952	-0.879796	0.921232	0.544265	0.275863	0.166545	0.984463	
3016	0.655057	0.965734	-0.827186	0.174085	-0.879795	0.921232	0.544944	0.268782	0.16788	0.984603	
3017	0.653886	0.965799	-0.827178	0.175124	-0.879793	0.921231	0.545168	0.266423	0.168322	0.984649	
3018	0.653493	0.96582	-0.827174	0.17547	-0.879791	0.921229	0.545241	0.265634	0.168469	0.984664	
3019	0.653356	0.965827	-0.827171	0.175588	-0.879789	0.921228	0.545264	0.265362	0.168519	0.984669	
3020	0.653303	0.965828	-0.827168	0.17563	-0.879787	0.921226	0.54527	0.265261	0.168536	0.98467	
3021	0.653277	0.965828	-0.827164	0.175648	-0.879784	0.921223	0.54527	0.265215	0.168543	0.98467	
3022	0.653257	0.965827	-0.827159	0.175658	-0.87978	0.92122	0.545267	0.265184	0.168546	0.98467	
3023	0.653238	0.965826	-0.827154	0.175666	-0.879775	0.921217	0.545263	0.265155	0.168548	0.984669	
3024	0.653216	0.965824	-0.827146	0.175675	-0.879769	0.921212	0.545257	0.265122	0.16855	0.984669	
3025	0.653188	0.965822	-0.827137	0.175686	-0.879762	0.921206	0.54525	0.265082	0.168553	0.984667	
3026	0.653153	0.965819	-0.827126	0.175699	-0.879752	0.921199	0.545241	0.265032	0.168556	0.984666	
3027	0.653109	0.965815	-0.827112	0.175716	-0.87974	0.92119	0.54523	0.264969	0.168559	0.984664	
3028	0.653054	0.96581	-0.827093	0.175738	-0.879725	0.921178	0.545215	0.264888	0.168564	0.984662	
3029	0.652982	0.965804	-0.82707	0.175766	-0.879706	0.921163	0.545197	0.264785	0.16857	0.984659	
3030	0.65289	0.965796	-0.827039	0.175802	-0.879681	0.921143	0.545173	0.264651	0.168578	0.984655	
3031	0.65277	0.965786	-0.827	0.175848	-0.879648	0.921118	0.545141	0.264478	0.168588	0.98465	
3032	0.652613	0.965773	-0.826948	0.175909	-0.879605	0.921084	0.545101	0.264252	0.168601	0.984644	
3033	0.652408	0.965755	-0.82688	0.175988	-0.879549	0.921041	0.545047	0.263956	0.168619	0.984636	
3034	0.652136	0.965732	-0.826791	0.176093	-0.879475	0.920983	0.544977	0.263564	0.168642	0.984624	
3035	0.651775	0.965701	-0.826672	0.176233	-0.879377	0.920907	0.544883	0.263044	0.168672	0.98461	
3036	0.651293	0.96566	-0.826513	0.176419	-0.879246	0.920804	0.544758	0.262349	0.168713	0.98459	
3037	0.650646	0.965605	-0.8263	0.176669	-0.879069	0.920667	0.544591	0.261416	0.168767	0.984563	
3038	0.649771	0.96553	-0.826012	0.177005	-0.878831	0.920481	0.544365	0.260158	0.168841	0.984528	
3039	0.648584	0.965429	-0.825622	0.177461	-0.878508	0.92023	0.544059	0.258453	0.16894	0.984479	
3040	0.646966	0.96529	-0.82509	0.17808	-0.878067	0.919886	0.543642	0.256133	0.169076	0.984412	
3041	0.644748	0.965101	-0.824362	0.178925	-0.877464	0.919415	0.543073	0.252963	0.16926	0.984321	
3042	0.641697	0.96484	-0.823361	0.18008	-0.876633	0.918766	0.542295	0.248617	0.169513	0.984196	
3043	0.637479	0.964479	-0.821981	0.181664	-0.875486	0.917868	0.541225	0.242643	0.169859	0.984023	
3044	0.631627	0.963977	-0.82007	0.183836	-0.873896	0.91662	0.539755	0.234411	0.170334	0.983781	
3045	0.623476	0.963277	-0.817418	0.186814	-0.871681	0.914877	0.53773	0.223057	0.170987	0.983444	
3046	0.61208	0.962297	-0.813725	0.19089	-0.868588	0.912432	0.534946	0.207398	0.17188	0.982971	
3047	0.596101	0.960916	-0.808575	0.196445	-0.864251	0.908985	0.531126	0.185847	0.1731	0.982303	
3048	0.573642	0.958964	-0.801384	0.203962	-0.858156	0.904102	0.525908	0.156321	0.174754	0.981355	
3049	0.542056	0.956189	-0.791346	0.214023	-0.849569	0.897148	0.518835	0.116217	0.176975	0.980001	
3050	0.497746	0.952231	-0.777361	0.227278	-0.83746	0.887202	0.509355	0.0625335	0.179914	0.978058	
3051	0.436106	0.946567	-0.757984	0.244366	-0.820412	0.872935	0.49686	-0.00767242	0.183725	0.975254	
3052	0.351929	0.938464	-0.731414	0.265758	-0.796556	0.852484	0.480758	-0.0962599	0.188537	0.971196	
3053	0.240867	0.926935	-0.695634	0.291553	-0.763614	0.823392	0.460628	-0.202373	0.194406	0.965338	
3054	0.102397	0.910772	-0.648821	0.321254	-0.719222	0.782773	0.436416	-0.320812	0.201267	0.956971	
3055	-0.0566495	0.888732	-0.590113	0.353658	-0.661687	0.727997	0.40864	-0.441929	0.208899	0.9453	
3056	-0.221345	0.859963	-0.520554	0.38697	-0.591156	0.657998	0.37847	-0.554338	0.216929	0.92965	
3057	-0.373732	0.824605	-0.443646	0.419174	-0.510599	0.574783	0.347601	-0.649258	0.224897	0.90982	
3058	-0.500781	0.784216	-0.364843	0.44851	-0.425683	0.483929	0.317883	-0.723247	0.232359	0.886413	
3059	-0.598368	0.741611	-0.289974	0.473832	-0.343161	0.393124	0.290898	-0.777641	0.238977	0.860887	
3500	0.909097	0.911464	0.976618	0.34059	0.209036	0.975979	0.88007	-0.175826	0.111126	0.60909	
3501	0.909094	0.911461	0.976616	0.340569	0.209041	0.975977	0.880066	-0.175842	0.11114	0.609088	
3502	0.90909	0.911455	0.976614	0.340535	0.209049	0.975974	0.880058	-0.175868	0.111162	0.609084	
3503	0.909084	0.911446	0.976611	0.340481	0.209061	0.97597	0.880047	-0.175909	0.111197	0.609077	
3504	0.909073	0.911431	0.976605	0.340394	0.209082	0.975964	0.880028	-0.175975	0.111254	0.609067	
3505	0.909056	0.911406	0.976596	0.340251	0.209116	0.975953	0.879997	-0.176084	0.111347	0.60905	
3506	0.909027	0.911366	0.97658	0.340015	0.209172	0.975935	0.879947	-0.176262	0.1115	0.609021	
3507	0.908979	0.911299	0.976555	0.339625	0.209264	0.975905	0.879863	-0.176558	0.111753	0.608975	
3508	0.9089	0.911187	0.976513	0.338974	0.209419	0.975854	0.879723	-0.177051	0.112176	0.608897	
3509	0.908767	0.911	0.976442	0.337882	0.209677	0.97577	0.879488	-0.177878	0.112885	0.608766	
3510	0.908542	0.910683	0.976322	0.33604	0.210112	0.975628	0.879091	-0.17927	0.114078	0.608546	
3511	0.908161	0.910146	0.976118	0.332925	0.210847	0.975386	0.878419	-0.181619	0.116092	0.608174	
3512	0.907513	0.909231	0.975769	0.327643	0.212089	0.974971	0.877274	-0.185584	0.119494	0.607546	
3513	0.906411	0.907668	0.975169	0.318685	0.214182	0.974255	0.87532	-0.19226	0.125227	0.606483	
3514	0.904536	0.904991	0.974131	0.303548	0.217685	0.97301	0.87198	-0.203407	0.134815	0.604697	
3515	0.90136	0.900405	0.972321	0.278199	0.22346	0.970821	0.866278	-0.221708	0.150602	0.601733	
3516	0.896033	0.892575	0.96914	0.23656	0.232729	0.966923	0.856597	-0.250852	0.175862	0.596925	
3517	0.887278	0.879349	0.963513	0.170627	0.246946	0.959884	0.840388	-0.294925	0.214375	0.589422	
3518	0.873418	0.857564	0.953584	0.0728909	0.267273	0.947081	0.814045	-0.35633	0.268763	0.578413	
3519	0.85285	0.823526	0.936509	-0.0570142	0.293547	0.924175	0.773663	-0.4323	0.337469	0.563664	
3520	0.825266	0.775163	0.909174	-0.204542	0.323375	0.885822	0.717652	-0.513016	0.412605	0.546156	
3521	0.793047	0.715532	0.870799	-0.34349	0.352609	0.829704	0.650422	-0.58566	0.482598	0.528134	
3522	0.760967	0.653646	0.825806	-0.453099	0.377412	0.761923	0.582429	-0.641897	0.538707	0.512114	
3523	0.733615	0.599482	0.782295	-0.528755	0.396021	0.695359	0.524189	-0.680736	0.578642	0.499618	
3524	0.713111	0.558303	0.746729	-0.576824	0.408748	0.640691	0.480614	-0.705633	0.60483	0.490822	
3525	0.699119	0.530011	0.721084	-0.606034	0.41692	0.601299	0.450997	-0.72091	0.621152	0.485062	
3526	0.690146	0.511814	0.70408	-0.623401	0.421964	0.575238	0.432078	-0.730062	0.63103	0.481462	
3527	0.684608	0.500567	0.693375	-0.633626	0.425005	0.558866	0.420435	-0.735479	0.636912	0.479274	
3528	0.681265	0.493773	0.686836	-0.639625	0.426815	0.548881	0.413419	-0.738668	0.640388	0.477966	
3529	0.67927	0.489717	0.682906	-0.643146	0.427887	0.542886	0.409236	-0.740543	0.642436	0.477189	
3530	0.678084	0.487307	0.680562	-0.645216	0.42852	0.539314	0.406753	-0.741647	0.643644	0.476729	
3531	0.677381	0.485876	0.679168	-0.646437	0.428895	0.537189	0.40528	-0.742299	0.644357	0.476457	
3532	0.676962	0.485026	0.678337	-0.64716	0.429117	0.535924	0.404405	-0.742685	0.64478	0.476295	
3533	0.676713	0.484518	0.677841	-0.647591	0.42925	0.535168	0.403882	-0.742916	0.645033	0.476198	
3534	0.676563	0.484213	0.677544	-0.64785	0.42933	0.534715	0.403568	-0.743054	0.645184	0.476141	
3535	0.676473	0.484029	0.677364	-0.648005	0.429378	0.534441	0.403379	-0.743137	0.645275	0.476106	
3536	0.676418	0.483918	0.677255	-0.6481	0.429407	0.534275	0.403264	-0.743187	0.64533	0.476084	
3537	0.676384	0.483849	0.677188	-0.648158	0.429425	0.534173	0.403194	-0.743218	0.645364	0.476071	
3538	0.676363	0.483807	0.677147	-0.648194	0.429436	0.53411	0.403151	-0.743237	0.645385	0.476063	
3539	0.67635	0.483781	0.677121	-0.648216	0.429442	0.534071	0.403124	-0.743249	0.645398	0.476058	
3540	0.676342	0.483765	0.677105	-0.64823	0.429447	0.534047	0.403107	-0.743257	0.645406	0.476055	
3541	0.676337	0.483754	0.677095	-0.648238	0.429449	0.534031	0.403096	-0.743261	0.645411	0.476053	
3542	0.676334	0.483747	0.677088	-0.648244	0.429451	0.534021	0.403089	-0.743264	0.645415	0.476052	
3543	0.676332	0.483743	0.677084	-0.648248	0.429452	0.534015	0.403085	-0.743266	0.645417	0.476051	
3544	0.67633	0.48374	0.677081	-0.64825	0.429453	0.534011	0.403082	-0.743267	0.645418	0.476051	
3545	0.676329	0.483738	0.677079	-0.648252	0.429454	0.534008	0.40308	-0.743268	0.645419	0.47605	
3546	0.676329	0.483737	0.677078	-0.648253	0.429454	0.534006	0.403079	-0.743269	0.64542	0.47605	
3547	0.676328	0.483736	0.677077	-0.648253	0.429454	0.534005	0.403078	-0.743269	0.64542	0.47605	
3548	0.676328	0.483736	0.677077	-0.648254	0.429454	0.534004	0.403077	-0.743269	0.64542	0.47605	
3549	0.676328	0.483735	0.677076	-0.648254	0.429454	0.534003	0.403077	-0.74327	0.645421	0.47605	
3550	0.676328	0.483735	0.677076	-0.648254	0.429454	0.534003	0.403077	-0.74327	0.645421	0.47605	
3551	0.676328	0.483735	0.677076	-0.648255	0.429454	0.534003	0.403076	-0.74327	0.645421	0.47605	
3552	0.676328	0.483735	0.677076	-0.648255	0.429455	0.534003	0.403076	-0.74327	0.645421	0.47605	
3553	0.676328	0.483735	0.677076	-0.648255	0.429455	0.534002	0.403076	-0.74327	0.645421	0.47605	
3554	0.676328	0.483735	0.677076	-0.648255	0.429455	0.534002	0.403076	-0.74327	0.645421	0.47605	
3555	0.676328	0.483735	0.677076	-0.648255	0.429455	0.534002	0.403076	-0.74327	0.645421	0.47605	
3556	0.676328	0.483735	0.677076	-0.648255	0.429455	0.534002	0.403076	-0.74327	0.645421	0.47605	
3557	0.676328	0.483735	0.677075	-0.648255	0.429455	0.534002	0.403076	-0.74327	0.645421	0.47605	
3558	0.676328	0.483735	0.677075	-0.648255	0.429455	0.534002	0.403076	-0.74327	0.645421	0.47605	
3559	0.676327	0.483734	0.677075	-0.648255	0.429455	0.534002	0.403076	-0.74327	0.645421	0.47605	
4000	2.70894e-14	0.525591	-0.813224	-0.183255	-0.931803	0	0.943161	8.65974e-15	-0.358884	0.88219	
4001	8.88178e-15	0.525591	-0.813224	-0.183255	-0.931803	0	0.943161	2.88658e-15	-0.358884	0.88219	
4002	3.10862e-15	0.525591	-0.813224	-0.183255	-0.931803	0	0.943161	8.88178e-16	-0.358884	0.88219	
4003	1.11022e-15	0.525591	-0.813224	-0.183255	-0.931803	0	0.943161	4.44089e-16	-0.358884	0.88219	
4004	4.44089e-16	0.525591	-0.813224	-0.183255	-0.931803	0	0.943161	2.22045e-16	-0.358884	0.88219	
4005	2.22045e-16	0.525591	-0.813224	-0.183255	-0.931803	0	0.943161	0	-0.358884	0.88219	
4006	0	0.525591	-0.813224	-0.183255	-0.931803	0	0.943161	0	-0.358884	0.88219	
4007	0	0.525591	-0.813224	-0.183255	-0.931803	0	0.943161	0	-0.358884	0.88219	
4008	0	0.525591	-0.813224	-0.183255	-0.931803	0	0.943161	0	-0.358884	0.88219	
4009	0	0.525591	-0.813224	-0.183255	-0.931803	0	0.943161	0	-0.358884	0.88219	
4010	0	0.525591	-0.813224	-0.183255	-0.931803	0	0.943161	0	-0.358884	0.88219	
4011	0	0.525591	-0.813224	-0.183255	-0.931803	0	0.943161	0	-0.358884	0.88219	
4012	0	0.525591	-0.813224	-0.183255	-0.931803	0	0.943161	0	-0.358884	0.88219	
4013	0	0.525591	-0.813224	-0.183255	-0.931803	0	0.943161	0	-0.358884	0.88219	
4014	0	0.525591	-0.813224	-0.183255	-0.931803	0	0.943161	0	-0.358884	0.88219	
4015	0	0.525591	-0.813224	-0.183255	-0.931803	0	0.943161	0	-0.358884	0.88219	
4016	0	0.525591	-0.813224	-0.183255	-0.931803	0	0.943161	0	-0.358884	0.88219	
4017	0	0.525591	-0.813224	-0.183255	-0.931803	0	0.943161	0	-0.358884	0.88219	
4018	0	0.525591	-0.813224	-0.183255	-0.931803	0	0.943161	0	-0.358884	0.88219	
4019	0	0.525591	-0.813224	-0.183255	-0.931803	0	0.943161	0	-0.358884	0.88219	
4020	0	0.525591	-0.813224	-0.183255	-0.931803	0	0.943161	0	-0.358884	0.88219	
4021	0	0.525591	-0.813224	-0.183255	-0.931803	0	0.943161	0	-0.358884	0.88219	
4022	0	0.525591	-0.813224	-0.183255	-0.931803	0	0.943161	0	-0.358884	0.88219	
4023	0	0.525591	-0.813224	-0.183255	-0.931803	0	0.943161	0	-0.358884	0.88219	
4024	0	0.525591	-0.813224	-0.183255	-0.931803	0	0.943161	0	-0.358884	0.88219	
4025	0	0.525591	-0.813224	-0.183255	-0.931803	0	0.943161	0	-0.358884	0.88219	
4026	0	0.525591	-0.813224	-0.183255	-0.931803	0	0.943161	0	-0.358884	0.88219	
4027	0	0.525591	-0.813224	-0.183255	-0.931803	0	0.943161	0	-0.358884	0.88219	
4028	0	0.525591	-0.813224	-0.183255	-0.931803	0	0.943161	0	-0.358884	0.88219	
4029	0	0.525591	-0.813224	-0.183255	-0.931803	0	0.943161	0	-0.358884	0.88219	
4030	0	0.525591	-0.813224	-0.183255	-0.931803	0	0.943161	0	-0.358884	0.88219	
4031	0	0.525591	-0.813224	-0.183255	-0.931803	0	0.943161	0	-0.358884	0.88219	
4032	0	0.525591	-0.813224	-0.183255	-0.931803	0	0.943161	0	-0.358884	0.88219	
4033	0	0.525591	-0.813224	-0.183255	-0.931803	0	0.943161	0	-0.358884	0.88219	
4034	0	0.525591	-0.813224	-0.183255	-0.931803	0	0.943161	0	-0.358884	0.88219	
4035	0	0.525591	-0.813224	-0.183255	-0.931803	0	0.943161	0	-0.358884	0.88219	
4036	0	0.525591	-0.813224	-0.183255	-0.931803	0	0.943161	0	-0.358884	0.88219	
4037	0	0.525591	-0.813224	-0.183255	-0.931803	0	0.943161	0	-0.358884	0.88219	
4038	0	0.525591	-0.813224	-0.183255	-0.931803	0	0.943161	0	-0.358884	0.88219	
4039	0	0.525591	-0.813224	-0.183255	-0.931803	0	0.943161	0	-0.358884	0.88219	
4040	0	0.525591	-0.813224	-0.183255	-0.931803	0	0.943161	0	-0.358884	0.88219	
4041	0	0.525591	-0.813224	-0.183255	-0.931803	0	0.943161	0	-0.358884	0.88219	
4042	0	0.525591	-0.813224	-0.183255	-0.931803	0	0.943161	0	-0.358884	0.88219	
4043	0	0.525591	-0.813224	-0.183255	-0.931803	0	0.943161	0	-0.358884	0.88219	
4044	0	0.525591	-0.813224	-0.183255	-0.931803	0	0.943161	0	-0.358884	0.88219	
4045	2.22045e-16	0.525591	-0.813224	-0.183255	-0.931803	0	0.943161	0	-0.358884	0.88219	
4046	4.44089e-16	0.525591	-0.813224	-0.183255	-0.931803	0	0.943161	2.22045e-16	-0.358884	0.88219	
4047	8.88178e-16	0.525591	-0.813224	-0.183255	-0.931803	0	0.943161	2.22045e-16	-0.358884	0.88219	
4048	2.66454e-15	0.525591	-0.813224	-0.183255	-0.931803	0	0.943161	8.88178e-16	-0.358884	0.88219	
4049	7.77156e-15	0.525591	-0.813224	-0.183255	-0.931803	0	0.943161	2.44249e-15	-0.358884	0.88219	
4050	2.35367e-14	0.525591	-0.813224	-0.183255	-0.931803	0	0.943161	7.32747e-15	-0.358884	0.88219	
4051	7.37188e-14	0.525591	-0.813224	-0.183255	-0.931803	0	0.943161	2.30926e-14	-0.358884	0.88219	
4052	2.38698e-13	0.525591	-0.813224	-0.183255	-0.931803	0	0.943161	7.50511e-14	-0.358884	0.88219	
4053	7.98028e-13	0.525591	-0.813224	-0.183255	-0.931803	0	0.943161	2.50688e-13	-0.358884	0.88219	
4054	2.75002e-12	0.525591	-0.813224	-0.183255	-0.931803	0	0.943161	8.63754e-13	-0.358884	0.88219	
4055	9.75686e-12	0.525591	-0.813224	-0.183255	-0.931803	0	0.943161	3.06444e-12	-0.358884	0.88219	
4056	3.55815e-11	0.525591	-0.813224	-0.183255	-0.931803	0	0.943161	1.11757e-11	-0.358884	0.88219	
4057	1.33191e-10	0.525591	-0.813224	-0.183255	-0.931803	0	0.943161	4.18339e-11	-0.358884	0.88219	
4058	5.10997e-10	0.525591	-0.813224	-0.183255	-0.931803	0	0.943161	1.60499e-10	-0.358884	0.88219	
4059	2.00636e-09	0.525591	-0.813224	-0.183255	-0.931803	0	0.943161	6.30174e-10	-0.358884	0.88219	
4500	0.642473	-3.01539e-08	-0.945618	-0.845368	-0.918634	-0.889597	-0.894717	-0.815554	0.850492	0.774454	
4501	0.642493	-2.10768e-08	-0.945626	-0.845384	-0.918645	-0.88961	-0.89473	-0.815571	0.850507	0.774473	
4502	0.642504	-1.50147e-08	-0.945631	-0.845392	-0.918651	-0.889617	-0.894736	-0.81558	0.850515	0.774482	
4503	0.642509	-1.09054e-08	-0.945633	-0.845396	-0.918654	-0.88962	-0.89474	-0.815584	0.850519	0.774487	
4504	0.642512	-8.07856e-09	-0.945634	-0.845398	-0.918655	-0.889622	-0.894742	-0.815587	0.850521	0.77449	
4505	0.642513	-6.10574e-09	-0.945635	-0.845399	-0.918656	-0.889623	-0.894743	-0.815588	0.850523	0.774491	
4506	0.642514	-4.70967e-09	-0.945635	-0.8454	-0.918657	-0.889624	-0.894743	-0.815589	0.850523	0.774492	
4507	0.642515	-3.70865e-09	-0.945635	-0.8454	-0.918657	-0.889624	-0.894743	-0.815589	0.850523	0.774492	
4508	0.642515	-2.98214e-09	-0.945635	-0.845401	-0.918657	-0.889624	-0.894743	-0.815589	0.850524	0.774492	
4509	0.642515	-2.44926e-09	-0.945635	-0.845401	-0.918657	-0.889624	-0.894744	-0.815589	0.850524	0.774493	
4510	0.642515	-2.05508e-09	-0.945635	-0.845401	-0.918657	-0.889624	-0.894744	-0.815589	0.850524	0.774493	
4511	0.642515	-1.76196e-09	-0.945635	-0.845401	-0.918657	-0.889624	-0.894744	-0.815589	0.850524	0.774493	
4512	0.642515	-1.54387e-09	-0.945635	-0.845401	-0.918657	-0.889624	-0.894744	-0.815589	0.850524	0.774493	
4513	0.642515	-1.38273e-09	-0.945635	-0.845401	-0.918657	-0.889624	-0.894744	-0.815589	0.850524	0.774493	
4514	0.642515	-1.26598e-09	-0.945635	-0.845401	-0.918657	-0.889624	-0.894744	-0.815589	0.850524	0.774493	
4515	0.642515	-1.18501e-09	-0.945635	-0.845401	-0.918657	-0.889624	-0.894744	-0.815589	0.850524	0.774493	
4516	0.642515	-1.13412e-09	-0.945635	-0.845401	-0.918657	-0.889624	-0.894744	-0.815589	0.850524	0.774493	
4517	0.642515	-1.10982e-09	-0.945635	-0.845401	-0.918657	-0.889624	-0.894744	-0.815589	0.850524	0.774493	
4518	0.642515	-1.11049e-09	-0.945635	-0.845401	-0.918657	-0.889624	-0.894744	-0.815589	0.850524	0.774493	
4519	0.642515	-1.13619e-09	-0.945635	-0.845401	-0.918657	-0.889624	-0.894744	-0.815589	0.850524	0.774493	
4520	0.642515	-1.18862e-09	-0.945635	-0.845401	-0.918657	-0.889624	-0.894744	-0.815589	0.850524	0.774493	
4521	0.642515	-1.27138e-09	-0.945635	-0.845401	-0.918657	-0.889624	-0.894744	-0.815589	0.850524	0.774493	
4522	0.642515	-1.3903e-09	-0.945635	-0.845401	-0.918657	-0.889624	-0.894744	-0.815589	0.850524	0.774493	
4523	0.642515	-1.5542e-09	-0.945635	-0.845401	-0.918657	-0.889624	-0.894744	-0.815589	0.850524	0.774493	
4524	0.642515	-1.77587e-09	-0.945635	-0.845401	-0.918657	-0.889624	-0.894744	-0.815589	0.850524	0.774493	
4525	0.642515	-2.07376e-09	-0.945635	-0.845401	-0.918657	-0.889624	-0.894744	-0.815589	0.850524	0.774493	
4526	0.642515	-2.47442e-09	-0.945635	-0.845401	-0.918657	-0.889624	-0.894744	-0.815589	0.850524	0.774493	
4527	0.642515	-3.01629e-09	-0.945635	-0.845401	-0.918657	-0.889624	-0.894744	-0.815589	0.850524	0.774493	
4528	0.642515	-3.75544e-09	-0.945635	-0.845401	-0.918657	-0.889624	-0.894744	-0.815589	0.850524	0.774493	
4529	0.642515	-4.77452e-09	-0.945635	-0.845401	-0.918657	-0.889624	-0.894744	-0.815589	0.850524	0.774493	
4530	0.642515	-6.19676e-09	-0.945635	-0.845401	-0.918657	-0.889624	-0.894744	-0.815589	0.850524	0.774493	
4531	0.642515	-8.20806e-09	-0.945635	-0.845401	-0.918657	-0.889624	-0.894744	-0.815589	0.850524	0.774493	
4532	0.642515	-1.10923e-08	-0.945635	-0.845401	-0.918657	-0.889624	-0.894744	-0.815589	0.850524	0.774493	
4533	0.642515	-1.52883e-08	-0.945635	-0.845401	-0.918657	-0.889624	-0.894744	-0.815589	0.850524	0.774493	
4534	0.642515	-2.14835e-08	-0.945635	-0.845401	-0.918657	-0.889624	-0.894744	-0.815589	0.850524	0.774493	
4535	0.642515	-3.07673e-08	-0.945635	-0.845401	-0.918657	-0.889624	-0.894744	-0.815589	0.850524	0.774493	
4536	0.642515	-4.48892e-08	-0.945635	-0.845401	-0.918657	-0.889624	-0.894744	-0.815589	0.850524	0.774493	
4537	0.642515	-6.66927e-08	-0.945635	-0.845401	-0.918657	-0.889624	-0.894744	-0.815589	0.850524	0.774493	
4538	0.642515	-1.00858e-07	-0.945635	-0.845401	-0.918657	-0.889624	-0.894744	-0.815589	0.850524	0.774493	
4539	0.642515	-1.5518e-07	-0.945635	-0.845401	-0.918657	-0.889624	-0.894744	-0.815589	0.850524	0.774493	
4540	0.642515	-2.42798e-07	-0.945635	-0.845401	-0.918657	-0.889624	-0.894744	-0.815589	0.850524	0.774493	
4541	0.642515	-3.86125e-07	-0.945635	-0.845401	-0.918657	-0.889624	-0.894744	-0.815589	0.850524	0.774493	
4542	0.642515	-6.23816e-07	-0.945636	-0.845401	-0.918657	-0.889624	-0.894743	-0.815589	0.850524	0.774493	
4543	0.642515	-1.02329e-06	-0.945636	-0.845401	-0.918657	-0.889624	-0.894743	-0.815589	0.850524	0.774492	
4544	0.642516	-1.70341e-06	-0.945636	-0.845401	-0.918658	-0.889624	-0.894743	-0.815589	0.850524	0.774492	
4545	0.642516	-2.87586e-06	-0.945636	-0.845401	-0.918658	-0.889624	-0.894742	-0.815589	0.850524	0.774492	
4546	0.642517	-4.92147e-06	-0.945636	-0.845401	-0.918658	-0.889625	-0.894741	-0.81559	0.850524	0.774491	
4547	0.642518	-8.53177e-06	-0.945637	-0.845402	-0.918659	-0.889625	-0.894739	-0.81559	0.850524	0.774491	
4548	0.642521	-1.49739e-05	-0.945638	-0.845402	-0.918661	-0.889625	-0.894736	-0.81559	0.850524	0.774489	
4549	0.642526	-2.65892e-05	-0.94564	-0.845403	-0.918664	-0.889626	-0.894731	-0.81559	0.850524	0.774486	
4550	0.642534	-4.77392e-05	-0.945643	-0.845405	-0.918669	-0.889627	-0.89472	-0.815591	0.850523	0.774481	
4551	0.64255	-8.6607e-05	-0.94565	-0.845408	-0.918679	-0.88963	-0.894701	-0.815592	0.850523	0.774471	
4552	0.642578	-0.00015865	-0.945662	-0.845414	-0.918697	-0.889635	-0.894666	-0.815593	0.850523	0.774453	
4553	0.642632	-0.000293239	-0.945684	-0.845425	-0.918732	-0.889643	-0.894599	-0.815597	0.850521	0.774419	
4554	0.642733	-0.000546458	-0.945726	-0.845446	-0.918796	-0.88966	-0.894475	-0.815603	0.850519	0.774356	
4555	0.642924	-0.0010258	-0.945805	-0.845486	-0.918918	-0.889691	-0.894238	-0.815615	0.850515	0.774235	
4556	0.643287	-0.00193764	-0.945954	-0.845562	-0.919149	-0.88975	-0.893787	-0.815638	0.850507	0.774006	
4557	0.643979	-0.00367764	-0.946239	-0.845707	-0.919588	-0.889864	-0.892921	-0.815681	0.850492	0.773568	
4558	0.645297	-0.00699913	-0.946779	-0.845982	-0.92042	-0.890079	-0.891248	-0.815764	0.850463	0.772731	
4559	0.647792	-0.0133117	-0.947791	-0.846505	-0.92198	-0.890488	-0.888002	-0.815921	0.850408	0.771131	
